% # columns="iteration, evaluation, void, void, void, xmean", seed=271117, Mon Jul  9 19:00:10 2018, <python>{}</python> # scaling_of_variables: 1, typical_x: 0
1 10 0 0 0 -0.3410813751648106 -0.05216734676259402 -0.027069743278649007 -0.11393930147186082 0.299348669269205 0.03100653185965391 -0.2287871029659455 0.3191904406189321
2 20 0 0 0 -0.2559815173701582 0.02143207388255544 -0.41401138739819443 -0.40654991890994835 0.10180188713837249 0.10363181883176369 0.04176325327028363 0.1834242345210554
3 30 0 0 0 -0.23083336778729643 0.2829475371127175 -0.5965674245647647 -0.33080654061717496 0.11876268863881397 -0.4550864399272257 0.1314961199358863 0.7045100997803599
4 40 0 0 0 -0.5696159993531087 0.6431647043888635 -0.49830861468902465 -0.14611275040698365 0.14215624764612234 -0.18877951367689294 0.10372200921918304 0.9592602529913734
5 50 0 0 0 -0.40625458710285617 0.9596376478116092 -0.5181567267203672 0.3155438112895561 -0.049381251086867806 -0.29217317222803507 -0.188358572825046 0.8033917678733458
6 60 0 0 0 0.2733929945204347 0.9846751331230479 -0.3066342294098914 0.15631625265467988 -0.020090901649938583 -0.47278525486468975 -0.014388534450521434 0.5831931557412636
7 70 0 0 0 -0.03893489747651624 1.5107522826865478 -0.16176499551386067 0.46505069460609283 0.16728927845531694 -0.061587438902888536 -0.3979313969445406 0.2909585623149311
8 80 0 0 0 -0.7852916040162837 1.1352774742534744 -0.1612892551928642 0.7343794999873239 0.19078508828924476 -0.014882695438640473 -0.4693928897989622 0.31187013413525966
9 90 0 0 0 -1.0615792185138817 1.3742215307979737 -0.14108882207995357 0.23363726305136012 0.48403521404415384 -0.20539960570402377 -0.7557002170614966 0.3205361014835008
10 100 0 0 0 -1.3628908115539176 1.1576258954846612 0.06748149200013745 0.35139960417735566 0.3900419682128011 -0.22983534960329854 -1.1272894573895553 -0.050699734180053524
11 110 0 0 0 -0.9359958724961283 1.0004606082646945 -0.3725224600688445 0.4130418071454452 0.5713677002188453 -0.7802245539409798 -1.132419532201772 -0.20131781113466773
12 120 0 0 0 -0.801586460686032 0.8481099217762961 -0.03476443213414204 0.2747084153755715 0.19133750961016294 -0.4394227735045133 -0.9610702937509342 -0.13593001617038578
13 130 0 0 0 -0.7235212389130038 0.7094563052016861 0.019138870884479686 0.36388984573777194 0.5552352985845985 -0.11548250268897636 -1.10816859373048 -0.24385956168265802
14 140 0 0 0 -0.9653663261503688 0.8609883290669177 0.3110206317771504 0.4785254446365817 0.7053318936040482 -0.46156642617789273 -1.5462439201867169 -0.44886362295724375
15 150 0 0 0 -0.9059686548076233 1.3283539689528263 0.10838531743931834 0.36047690286499967 1.1566991112821385 -0.7737100952139392 -1.7085352249808012 -0.12317552915125396
16 160 0 0 0 -0.7995624027895516 1.6072638143735123 0.24788941219763316 0.32556152616181555 1.4221238775222829 -0.8655543702444793 -1.8185541679638977 -0.33299609232072713
17 170 0 0 0 -0.5147104933506778 1.299829985334803 0.10809836710182297 0.6630856666914533 1.0953807051969948 -1.0289678008625853 -1.9646226673438725 -0.2782447638787831
18 180 0 0 0 -0.5530739342768951 1.2576767391650197 0.07427687901127186 0.7092432879040448 1.3077356113635872 -0.8231140972138715 -2.300736764170857 -0.039520743366555144
19 190 0 0 0 -0.20639111382586117 1.0512608429495127 0.0742916962094945 0.664090484784092 1.3370190048633444 -0.8288807205977042 -2.4833503680299023 0.13730444911165415
20 200 0 0 0 -0.047249927727017776 0.78641529305913 -0.20753227677556219 0.7848860576658974 1.1465449046469451 -0.6556456611818215 -2.1603585150480566 0.1993098232411101
21 210 0 0 0 0.1976900868724605 0.3087300435750597 -0.22505845136580904 1.0205073673211345 0.8935499454690894 -0.8995882041969148 -2.3222034863222967 0.0029381961624034003
22 220 0 0 0 0.44354859514494815 0.06085525197875771 -0.2981779612884439 0.9960274349844886 1.212393758782792 -0.907307638033238 -2.625813919931035 0.5057843466531864
23 230 0 0 0 0.46294413484472097 -0.39521593298970714 -0.4870085701422922 0.7023915186553175 0.9233772877293588 -0.8975507813535806 -2.254506104427815 0.5225990453262603
24 240 0 0 0 0.7193149008076051 0.1795733048189032 -0.1778888809010271 0.3262546388538728 1.1396954681429776 -1.3448580271072992 -2.118015641597317 0.4751098744209065
25 250 0 0 0 0.8852574254425165 -0.17750544480419905 -0.1815156318694929 0.27997797785002737 1.13231773309613 -1.1273120070273392 -1.9017372308658502 0.2475547561258126
26 260 0 0 0 0.22857642473938367 -0.2410432153753424 -0.3129767712254731 0.022510243670044172 1.1659303506712373 -0.8771939658791925 -1.5328145461453593 0.07126250200285253
27 270 0 0 0 0.5430285054262748 -0.8605826660005034 -0.45526552859195824 -0.16563013535920243 1.2027734611390883 -0.8851628770423414 -1.3792726065762237 0.305345048823133
28 280 0 0 0 0.466529078201825 -1.07929413083004 -0.4598023549042237 -0.18326413708479677 0.6753061865096509 -0.7698213743575395 -1.703273505956179 0.6233854063292364
29 290 0 0 0 0.7080558020488708 -1.334407541091428 -0.42569714557418664 0.10773352022023114 0.8523637567356672 -0.6075200203197738 -1.8135864002840258 0.48112374983160155
30 300 0 0 0 0.5255905830876764 -1.1844696230170872 -0.30356239547449393 0.08941154607662706 0.9709810656047063 -0.3784170935768538 -1.5846680147652632 0.12716210479805534
31 310 0 0 0 0.29787381638788374 -1.0320911621024174 -0.09192134360841966 0.0326792544574558 1.1262314344277844 0.03029884182161935 -1.8534368897885882 -0.43832066717456675
32 320 0 0 0 -0.11951652677636554 -1.2161078293254959 -0.07193119678511892 -0.148776881147829 0.9457420091404638 0.26662226674183725 -1.6785595285164128 -1.094524535891375
33 330 0 0 0 0.31443778342226253 -1.2637208343958126 -0.06152556190594342 -0.027579727545151006 1.3923145670569306 -0.1548316627647715 -1.5324069438679064 -1.0144615691555874
34 340 0 0 0 0.6680944137812537 -1.5072776994712658 -0.05026082763028938 -0.24911563765801703 1.295724223064118 0.026079689632241693 -1.224270806022638 -0.7738670818667618
35 350 0 0 0 1.0242828691006154 -1.8180835930093684 -0.07909032658828292 -0.06729512194378132 1.1088652042950413 0.48435517976726916 -1.0476262130246892 -1.1314500737154192
36 360 0 0 0 1.176658085046529 -2.08091358436268 0.09613896978866508 -0.03652207711467756 0.8492630688406106 0.25776871615285746 -1.3235815820878227 -0.8740844308014805
37 370 0 0 0 1.1366417586774553 -1.5898272206284674 -0.06155767546888506 0.03133372887139867 1.049826965678703 -0.3838555203759255 -1.1377496844936494 -0.4418749799899964
38 380 0 0 0 1.2608928199800984 -1.7613992307004682 -0.10920661947402685 0.06947048415428957 0.7324844778296057 -0.33927137771039695 -1.0026036449351248 -0.5238628872805228
39 390 0 0 0 0.828233322631118 -1.6543489383434677 -0.10644971645360982 -0.1057355508515659 0.8050014806120646 -0.2882247111140387 -1.1137262411603726 -0.8235512030052016
40 400 0 0 0 0.8209862586022059 -2.1147912043491375 -0.06218757218652199 0.029910955213472992 0.3143484726059833 -0.054102232898307345 -1.0346489511561154 -0.659822314338945
41 410 0 0 0 0.9951183958178796 -1.948658698285716 0.03540764677941659 0.03952483237962121 0.09570530023898755 -0.20452853731698561 -0.8875609690758757 -0.876445391079727
42 420 0 0 0 0.8458666697978802 -1.8290994908541431 0.05901774921719465 0.026692181112390023 0.1494831251893912 -0.46230589915360215 -1.0794585332141309 -0.818026494192024
43 430 0 0 0 0.9630961486570344 -1.424049806050814 0.05822250382943388 0.1652059335983106 -0.10275620933003307 -0.7064559331537189 -1.0160270135414144 -0.49753223078919573
44 440 0 0 0 0.921400420995034 -1.7402811246956216 0.028738404876247722 0.10089158239566055 -0.13720259383973463 -0.4977972771296568 -1.0679697816539946 -0.37583237850748863
45 450 0 0 0 0.9987962075373095 -1.9237305057975218 0.10116420478547986 -0.002385528419229177 0.13261337490999306 -0.21280811750125883 -0.9639591470879699 -0.7971432306185267
46 460 0 0 0 0.9649837769333033 -2.0989046431670797 -0.051152229478752614 0.07102316557658832 0.10159101365714583 -0.2538932908750759 -0.8769521175937962 -0.2898684558017912
47 470 0 0 0 1.0046380856779327 -2.1724948351688216 -0.0011307059684079884 0.19403459553695263 0.07326975658914173 -0.13117871318965996 -0.9611754011421612 -0.40495025169455795
48 480 0 0 0 1.0286718809804538 -2.094113097808672 0.11623734637254987 0.09064523069277318 0.11938438872805594 -0.1906494326937641 -0.9853798464899309 -0.3402412218880399
49 490 0 0 0 1.1448753444492865 -2.000593587558434 0.13015084095113644 0.08585925871735998 0.08535038861838772 -0.07756034478669976 -0.9521440229050029 -0.22914611237056629
50 500 0 0 0 0.9973740742353175 -2.0646477810299246 0.006359829008939222 0.12055459879321803 0.06870092842589463 -0.06571550317664913 -0.9065671347698884 0.03204080550685115
51 510 0 0 0 0.9163866851379947 -1.9317366489605672 -0.008923808121273386 0.18591430643608028 0.1205937046214591 -0.26031440882852375 -0.9375380731307865 0.001598739662266896
52 520 0 0 0 0.9495779174612111 -2.0073204187034386 -0.010896870800067626 0.018593213200845532 0.1511215617248877 -0.11075655464046463 -0.8365938770445319 -0.0277823008716899
53 530 0 0 0 1.0591151505776506 -1.9795673590707874 0.0005975457223117708 0.12102364965023951 0.05331044786365642 -0.09407082826697644 -0.8759128262208025 0.033373042636079944
54 540 0 0 0 1.0938585690374676 -1.945920694481615 -0.016862706335447324 0.1289946756660012 0.10086971740439388 -0.08583120883053498 -0.9428299334561228 0.04785866787166784
55 550 0 0 0 1.0836466089583057 -2.0021024603493767 0.038567503940239806 0.10637445894025047 0.1306982242900817 -0.1187824337169471 -1.0022709239816032 0.023344740211604046
56 560 0 0 0 1.0976081215172409 -2.066812645411176 0.03650245142976382 0.05206738277977091 0.05605110784978884 -0.06344446125870719 -0.9123971550847835 -0.012563882282591827
57 570 0 0 0 1.0745246340238226 -2.03888963668212 0.06405770788451567 -0.015919551112980157 0.050857328060264405 0.04515245680054124 -0.9113521061818203 -0.027056624103815135
58 580 0 0 0 1.048690439008282 -2.0186423835285217 0.06543575154679922 -0.01606013729672682 0.07775592829893682 -0.013304413824518767 -0.8709845919381555 -0.06472611203783213
59 590 0 0 0 0.9860869766554738 -1.9834797199700642 0.049180009872830915 -0.009512637613621453 0.004813232139805043 -0.08545749985876736 -0.8538292059128988 -0.04540391086905996
60 600 0 0 0 1.043569735221557 -1.9700628889198266 0.06323707857560873 -0.008899444345087375 -0.009956618239342036 -0.0468667945594747 -0.8816893550174185 0.029356776372566486
61 610 0 0 0 1.028475915455341 -1.9815326746257529 0.062029713445717394 -0.010758275017342736 0.005217122225216617 -0.028847548956612692 -0.9328873912628511 -0.007314052127321877
62 620 0 0 0 1.0159322705782003 -2.0390118825172197 0.04646899083002639 -0.016733314061832 0.05394252794929069 0.0007876797877115309 -0.9598117890120444 -0.018023057982933906
63 630 0 0 0 0.9917572418695895 -1.9937608768779531 0.056908628848391554 -0.002352586819514755 0.016325604044201025 0.0038113473269842137 -1.022702370906122 -0.005314126470345232
64 640 0 0 0 0.9833032389418994 -2.0091447634593944 0.07113422748955166 0.009788264696217715 0.01595099646864098 0.0096891469039415 -1.0239912086614729 -0.05416977598466467
65 650 0 0 0 1.0212748808322332 -1.9996375911328468 0.07874052582044612 0.004525997880733159 0.011507299354569508 0.05481556384947584 -1.0086392969286488 -0.04200859900252977
66 660 0 0 0 1.0150398281163042 -2.012584313291736 0.09088190938211824 -0.021107298854365866 -0.012229191419177648 0.06868348155692981 -1.000383380960072 -0.07806063027354114
67 670 0 0 0 1.0502327980886885 -2.031601655803732 0.07811403089875714 0.003538167961136686 0.008794285515087211 0.05317872271832434 -1.0011050308821048 -0.051966227160907645
68 680 0 0 0 1.0498509998705645 -2.0275982095671847 0.052458531477394446 0.008215338180848795 0.02671298464911039 0.009519502855885952 -0.9976856733218695 -0.021769807338609146
69 690 0 0 0 1.018975447813276 -2.002134835566919 0.044099093188571754 0.03946576236189659 0.044834634136804344 -0.012740783846515676 -1.0131065431856692 0.016116205665951167
70 700 0 0 0 1.014022186216562 -1.9968554453198089 0.032426424995813156 0.028973801672643063 0.05820002728313313 0.012685538687645565 -0.9964017510517926 0.037594741933977625
71 710 0 0 0 1.0405589104575883 -1.9638720835567625 0.04568398419217031 0.03776318613502869 0.04477252071074986 -0.012816576450015636 -1.0101230006345219 0.02211973786627526
72 720 0 0 0 1.0384659572757837 -1.98254731618447 0.03654068470792846 0.03032836996623544 0.03602284223320693 -0.01645459881500604 -0.992232865838895 0.011722550659728838
73 730 0 0 0 1.0258748423486705 -1.98543919403023 0.028801972117704498 0.03457114704931091 0.008970360651529286 -0.017021888512051955 -0.9982468919552564 0.005486894489772265
74 740 0 0 0 1.0147169350823257 -1.9769211633213892 0.02807354871739318 0.028625193489920188 -0.0006978109485086936 -0.021055653319189453 -0.9919047848308024 0.011709969841614758
75 750 0 0 0 0.9850248533169186 -2.000668006836559 0.0323799723684936 0.006636465835251779 0.002164141788782349 -0.004338955708018594 -0.9870796316676498 0.004081427668554257
76 760 0 0 0 0.9830616734931401 -1.9954790669646256 0.02795124906956489 -0.005855343341792057 0.00280077783532177 0.004215242835821873 -0.973697628665978 -0.001040314642901349
77 770 0 0 0 0.989955711079649 -1.9717779348829427 0.02620199747135135 -0.0020065178789985287 0.003456604278862185 0.02189007309159543 -0.9822787747166138 0.004690115558162545
78 780 0 0 0 0.9831594228375999 -1.9621093956793596 0.018167456572206482 0.01013798172722008 0.019141747781832516 0.008509612682832823 -0.990719052985787 -0.002258468981063637
79 790 0 0 0 1.002104226494528 -1.9671316752095664 0.016457890021212195 0.013128425249281834 0.019272118577471634 0.011663317411593368 -0.9909301061650403 0.012695625317031
80 800 0 0 0 0.9879778383595353 -1.9779195691517337 0.01157480668112179 0.012691573979134379 0.008898108774967826 0.013051810035715676 -0.996630865932857 0.015375550759185928
81 810 0 0 0 0.9975594765663041 -1.981135999054705 0.018061516914582555 0.01287972029496158 0.005753048782084931 -0.003682895326177134 -0.9944440986528005 -0.004671694320816721
82 820 0 0 0 0.9973430752407502 -1.9716493725759732 0.007040839181953036 0.019887299538609755 -0.0031127302251563243 0.0009483529274762221 -0.9899578886635976 -0.007601575815871675
83 830 0 0 0 0.9844151556184455 -1.9745082345119231 0.0018336283356513213 0.016022203406641563 -0.011506052053814955 0.00822533337245467 -0.9875762160324626 0.0037978430446672998
84 840 0 0 0 0.9837754057171977 -1.9805433681366678 0.0033816140401209337 0.017652647937191457 -0.007817083170247771 0.007493986658902834 -0.9959042170707244 -0.00776238439317146
85 850 0 0 0 0.9875086018301692 -1.995714603362507 0.0025647466530252907 0.0129632956251502 0.003907004699115384 0.010047043969759788 -0.995830835556664 -0.0003529744200694157
86 860 0 0 0 0.9984015879075949 -1.9830472103083854 0.0063156484528341895 0.004007148991042561 0.007990061286332345 0.0021234648080358763 -0.9953103542659194 0.0005769487574561479
87 870 0 0 0 1.0050161516119134 -1.9889811301151157 -0.002784794780868763 0.010606945892539544 0.006935582665800641 -0.009907126360910191 -0.9896525950748605 0.008121548211609483
88 880 0 0 0 1.0092165373250925 -1.986238714351173 -0.005700731865735406 0.009783648839395875 0.0027875513240227696 -0.0002149976697884571 -0.9910846190343088 0.0013113575731029626
89 890 0 0 0 1.000746669845637 -1.9824283606216535 -0.012189437587017384 0.005105540731465176 -0.0016716586292712249 0.00348909673073324 -0.9929146541486378 0.011609296679826422
90 900 0 0 0 0.9955726457103974 -1.990168938760622 -0.005263386950427842 0.0017556099638299694 0.003023539703436136 0.004226586192663643 -0.9978208676156521 0.006665909859254867
91 910 0 0 0 0.9858332812233663 -1.9932996602737187 -0.004473096199071151 0.0029322540421817924 0.0046486083430482845 -0.004413001110549611 -0.9966434301345919 0.005655585918661023
92 920 0 0 0 0.9948386032319398 -1.9930946131189389 -0.003010062449531798 0.006551280601566548 0.012723881140456762 -0.012622185491130852 -0.9963996317724152 0.0002567319569543123
93 930 0 0 0 0.9915389061813434 -1.9873487091466364 -0.0034030282166118923 0.007815845661872033 -0.0026263012187681747 -0.011181698691216164 -0.9943914611966754 -0.0040010073682015266
94 940 0 0 0 0.9869450524234432 -1.9904457424310222 -0.006611617727133329 0.007192762353593873 0.0034256063454767335 -0.007759072038687028 -0.9935642590119059 0.001951575265866391
95 950 0 0 0 0.9928057115144215 -1.9866045753790291 -0.006247755599820462 0.005249961507843745 0.0011867321125453465 -0.004948736803590342 -0.9952433753662744 -0.003453760576313118
96 960 0 0 0 0.998778531619793 -1.9891768971594688 -0.0026215209788612768 0.005104871035733061 0.0011681650395455705 -0.003528107177192118 -0.9993006057184903 -0.0007090089158370049
97 970 0 0 0 0.9980458278387837 -1.989174574264337 -0.0017097892466419822 -0.0016048029812706088 0.0018231899004543205 -0.0016447323045726758 -0.9962440392861553 0.000266505412520879
98 980 0 0 0 0.9909719748305724 -1.9891973083420897 0.0012790567137394467 -0.0005844269419094889 0.0015466000444308587 -0.0016782074957236736 -0.9967523698956551 -0.001885170073042017
99 990 0 0 0 0.9915496111640594 -1.9934441705630155 -0.00030766181011477114 0.001347347209549942 0.0023909156731869523 -0.0013297664935469058 -0.9982869358572726 0.0004658012502010069
100 1000 0 0 0 0.9908432896042648 -1.9910893733853419 0.0021302835266131734 -0.001039360921865353 0.001321399570300945 0.0016074049123172547 -0.996021886741952 0.000616006446281218
101 1010 0 0 0 0.9900245992100135 -1.99037004045246 0.0028894906123175332 -0.0031912647487619154 0.0025921944157969185 -0.0008715551719205375 -0.9944118582009595 0.0017379643858443162
102 1020 0 0 0 0.9941523666285843 -1.9888428784375458 0.0007889736008279873 -0.001179162783234404 0.0034680669561644745 -0.002185294959128105 -0.9949957012641175 -0.0013954866944408293
103 1030 0 0 0 0.9936769115393456 -1.9895397564450394 -0.0006501023001065425 -0.0008138772211119785 0.0017767257206342982 -0.0016766703361093696 -0.9960846729520213 -0.0001785005625766134
104 1040 0 0 0 0.9931172410353926 -1.9900867912334521 -0.001803595364346313 -0.0009855692526311746 -0.00035581289436391285 -0.0015509234725068527 -0.994370323209341 -0.001105111311285538
105 1050 0 0 0 0.9947231998733757 -1.9892888062203544 -0.0029098961986351174 -0.0012276373551059264 -0.00024952915620802846 -0.0008788898766419132 -0.9952974914407461 0.0004189029002747433
106 1060 0 0 0 0.9938676515737065 -1.9911154053728342 -0.0022157826374163882 -0.0024266216891905387 -0.00045115089330962716 0.0008047672602662689 -0.99568265937217 0.0017616388357023145
107 1070 0 0 0 0.9953382268518367 -1.9904927678202105 -0.00018740853980506742 -0.0022929928170646787 -0.0012906613345453463 0.0011454127516203768 -0.9971427883664516 0.0005795017069525421
108 1080 0 0 0 0.9954372491423489 -1.9901759061083484 -0.0009315498402236827 -0.0014612675583941285 0.0005288303010004831 0.0009491625144699592 -0.9966232131510453 0.0008666670484030108
109 1090 0 0 0 0.9938606994917886 -1.9900768541507916 -0.0009114628892446985 -0.0005212943032505661 -0.0013842274057561802 0.000620420182734084 -0.9950429249258405 -0.001366409030801153
110 1100 0 0 0 0.9934875032964469 -1.9901364882147052 -0.0009447315430125985 -0.0003104851380076272 0.00025925379329766116 0.0005793161007158609 -0.9942917352464595 -0.0014750792914583867
111 1110 0 0 0 0.9936063774278143 -1.9905539403163817 -0.0009992088568201501 0.0005527858092531791 0.000308756251591861 0.0016934440627848397 -0.9954251757227259 -0.000944759426934046
112 1120 0 0 0 0.9940892305883375 -1.9903150865499857 3.881779021132955e-05 -0.0003204687855707152 0.000905308341783554 0.0004429496458048462 -0.9961711240989864 -0.0012521153845971376
113 1130 0 0 0 0.9950227212072407 -1.9902548630368844 -0.0010612326744793522 -0.000909843617211722 0.001277186288237479 -0.00040879322446177595 -0.9956364153091574 -0.0005838431832374627
114 1140 0 0 0 0.9950566464798104 -1.989741531312186 -0.000619754904277735 -0.0008949219287703641 0.00036134028205150165 -0.00018875883834385806 -0.9947471392478009 0.00032948267856139205
115 1150 0 0 0 0.9948771647143922 -1.9897170190334292 -0.0012076852064418645 -0.0008215567471182869 0.0006207986837789863 -0.00016566246384027678 -0.9954148488875955 -0.00021320168117022731
116 1160 0 0 0 0.9950497537236458 -1.9894498033583448 -0.0005382584148383718 -0.00027322372530635313 0.00010177800602121224 -0.00045952730396596096 -0.9949739694236005 -0.0006138092401853072
117 1170 0 0 0 0.99478575553711 -1.98990831950605 -0.0001295054541578021 0.00012692665236013767 0.00040846028825990827 -0.0006389736382743769 -0.995185979282413 -0.0005365377292857318
118 1180 0 0 0 0.9946196890253971 -1.9899982219091723 0.00025988493998765596 -0.0003033396602839768 0.0005743984076871831 -0.0007935322683097387 -0.9952105377714409 -0.00047563645091421535
119 1190 0 0 0 0.9943776314311303 -1.9901685902319566 -0.00018518950426394434 -0.0002574139726896804 -0.0001926100667233564 -0.00022936629424705115 -0.9950716392374057 -0.00045291263093757083
120 1200 0 0 0 0.9945002906932087 -1.990328735475692 -7.608222377862705e-05 -0.0004280740605397977 -0.00021279081697762317 -0.00011557309582506227 -0.9953682494058833 -0.00026296732225131755
121 1210 0 0 0 0.9946330616542861 -1.9900529097327435 0.00010993192932862741 -0.000319872780696572 -0.00043363833737693604 -0.00024406191189873418 -0.9951042981180424 0.00019364983294638
122 1220 0 0 0 0.9947017461781831 -1.989758755990253 8.411258652379227e-05 -0.000426785578536644 -0.000303079256176928 -0.0001682032699646868 -0.9952174298835637 -0.00015292455763226266
123 1230 0 0 0 0.9950963998285819 -1.989665209519648 0.000178787870261553 -0.0002783243514818589 -0.00011490671071588956 -0.0002248292401156105 -0.9951257027863117 9.649063350718759e-05
124 1240 0 0 0 0.9951255605530961 -1.989920400176251 0.00025849565187965163 -0.00012218489476165757 -9.178185009862835e-05 -0.0002821112601842104 -0.9954222216534376 -0.00016840121899333588
125 1250 0 0 0 0.994776013208316 -1.9899888455854131 0.00022428421573402962 -0.00021470294400174344 -0.00024813273485755727 -0.00010714584880784753 -0.9954871344223986 -9.796844721264227e-05
126 1260 0 0 0 0.9950558350541294 -1.989725933089938 0.00016665865993892157 -0.00011956859247754548 9.3892491879525e-06 3.600719504610132e-05 -0.9953493467288397 2.2840796865552715e-05
127 1270 0 0 0 0.9951958203165177 -1.9900397816811912 -6.240649909600835e-05 -0.0003016848031958826 3.4562553444941716e-05 -8.91614440453708e-05 -0.995200902768832 0.0001424534898166292
128 1280 0 0 0 0.995076986172405 -1.9899206641994172 -9.322669895894142e-05 -0.0003572017005690286 0.00012382763987151956 -0.00010815229289155955 -0.9953170563216712 8.710753814633659e-05
129 1290 0 0 0 0.994976955305052 -1.9898660704332105 -0.00024899154219177444 -0.00020025454764700373 0.00012965691046633567 -0.00010982827955968479 -0.9952306256297542 -0.0001857235431371409
130 1300 0 0 0 0.9950546219395281 -1.9899243995785392 -0.0003246327892546824 -0.00014518690691193168 0.0002924990060616202 -0.00016778340027746034 -0.9951714706054362 8.221181403920432e-05
131 1310 0 0 0 0.9951296518015731 -1.9898958620969114 -0.00023251592464933597 -0.00011841434296721838 0.00019747601171204982 -3.234302970313172e-05 -0.9951895315063184 3.829577175441793e-05
132 1320 0 0 0 0.994948747079023 -1.9898306713437053 -0.00016545070650016546 1.3848622999288368e-05 6.835795359345733e-05 -5.526561322670328e-05 -0.9951563574180565 -6.562834419853854e-05
133 1330 0 0 0 0.9948968787956199 -1.9898351468224267 3.7938852090144864e-05 1.6898483707231966e-05 7.482107043848926e-05 -0.00016453636873002463 -0.9950891015378375 -9.183808685562909e-05
134 1340 0 0 0 0.9949057654149965 -1.9898385998441184 6.788472225687356e-06 0.00013979237669551126 -6.872925921013412e-05 -5.769483545935187e-05 -0.9950115319567964 -6.328670784873514e-05
135 1350 0 0 0 0.994972088578259 -1.9897824430164013 3.077701675311538e-06 0.0001593930129104399 6.64672383560108e-06 6.2689086261759965e-06 -0.9949953848523234 -9.603481216831057e-05
136 1360 0 0 0 0.9949604722853037 -1.9897745539222849 1.668121082452189e-05 0.00011204565995634629 0.00013963497134933275 -2.187108279834524e-05 -0.9949727885722456 -0.00010927445626974335
137 1370 0 0 0 0.9949241330594267 -1.9898031452511593 0.00012756803705942204 0.00010947279392441686 4.5721582210909696e-05 -0.00014321061566678492 -0.9948953200716166 8.25918573909872e-06
138 1380 0 0 0 0.9949667719176107 -1.9898597345946545 9.986576884584262e-05 8.840032810972996e-05 -1.872811407227264e-05 -2.3761021850846834e-05 -0.9949943171335158 8.02846081617176e-05
139 1390 0 0 0 0.9949059654729613 -1.9898820729968767 9.210589539304141e-05 9.705906605643358e-05 -3.444473728881687e-05 7.022737798275607e-06 -0.9949501858818143 3.86145834451693e-05
140 1400 0 0 0 0.9949768333540271 -1.989943575179893 5.90624102787809e-05 6.211851585805802e-05 2.869031908173957e-05 -1.3931450983182008e-05 -0.9949271532713946 4.704275171502203e-06
141 1410 0 0 0 0.9949893792586983 -1.989929046799096 4.114308411416737e-05 -1.2978996398808537e-05 9.856417569142355e-05 -2.3838571357871603e-05 -0.9949813430015336 -3.134771380036098e-05
142 1420 0 0 0 0.9949607101912985 -1.9899152181667517 4.3530555551620113e-05 -7.362318313197224e-06 2.0504375923944038e-05 -2.0989414149264208e-05 -0.9950081657241726 7.457419283689713e-05
143 1430 0 0 0 0.9949955789525926 -1.9898640068551796 1.089885133043188e-05 3.9745358047886824e-05 -5.182406072040324e-07 5.819997220594241e-05 -0.9949607824841767 -8.914360351319791e-06
144 1440 0 0 0 0.9949974084161376 -1.9899034859656606 5.814381572417571e-05 3.164456969266868e-05 6.150024543651918e-06 3.654489733847617e-05 -0.9949436891115638 3.68484696200888e-05
145 1450 0 0 0 0.994972743298622 -1.9899539715699897 1.7396716474282505e-05 5.325562404214576e-06 4.401010739315731e-05 2.6026445717203313e-05 -0.9949628010265692 4.575328358956158e-05
146 1460 0 0 0 0.9949317470133081 -1.989925040325224 1.6730198872623245e-05 -4.198985543649819e-07 -1.342029679820925e-05 4.548859484605367e-05 -0.994918925343473 7.414088938348887e-06
147 1470 0 0 0 0.9949661385521095 -1.9899563469530932 -1.4566878042574052e-05 -3.455383185014965e-06 -1.2346842170412466e-05 3.597029375319996e-05 -0.9949365183571532 2.3029099009770884e-05
148 1480 0 0 0 0.994992573784963 -1.9898954988220603 -2.9027415747432176e-05 -8.809110517716767e-06 9.788955702645633e-06 3.1776684623111785e-05 -0.9949545696424766 1.2871895705628936e-05
149 1490 0 0 0 0.9949735677061058 -1.9899015477407118 -3.971397944854746e-05 -1.4297652629339773e-05 1.5640822866872978e-05 2.017580629332338e-05 -0.9949658538538086 -9.298428173577124e-06
150 1500 0 0 0 0.9949674923425305 -1.9899263087599255 -5.07692178754728e-05 -1.989412669136078e-05 -2.198932560421275e-06 2.363249792922859e-05 -0.994972757900944 -7.078354024844722e-06
151 1510 0 0 0 0.9949906774828877 -1.9899162615068287 -6.517037637322207e-05 -9.991759996428244e-06 2.535638158181844e-05 -1.0843002484420877e-06 -0.9949753233823442 -3.363303061944272e-07
152 1520 0 0 0 0.9949847537269438 -1.9899015369932078 -4.916711124891939e-05 1.2806242078535215e-06 3.743181727393809e-06 1.75273014925569e-05 -0.9949607751801426 -2.7704495939658472e-05
153 1530 0 0 0 0.9949551665463764 -1.9898999554993693 -5.030435626472408e-05 -1.1840530055718185e-05 -7.585359735772223e-06 6.203038138438542e-06 -0.9949658672021618 -1.1040836943114167e-05
154 1540 0 0 0 0.9949642980980089 -1.9899140621788087 -2.2240357054641032e-05 -3.715140826251882e-06 -1.820943486813999e-05 9.042316566705373e-06 -0.9949648103379087 1.2088901875719671e-06
155 1550 0 0 0 0.9949770765727742 -1.9899063640661199 -1.5936415351516488e-05 -3.4872662048061283e-06 -2.210330564824532e-05 1.4154193781771917e-05 -0.9949602253674688 1.5276121841039313e-05
156 1560 0 0 0 0.9949760645464687 -1.9899034563756648 -1.0696089327243721e-05 -7.305190224018293e-06 -1.6632609256864458e-05 1.0972388970241071e-05 -0.9949762458986681 2.0201718153835907e-05
157 1570 0 0 0 0.9949621003168966 -1.9899079769922066 -7.762792965296163e-06 -1.1358763970559974e-05 -1.59216927920386e-05 3.196100940229419e-06 -0.9949534925171344 1.1733544162517224e-05
158 1580 0 0 0 0.9949516511794215 -1.9899078589634493 -1.6835383878145082e-06 -1.2687982450522048e-05 -1.3349472112606171e-05 2.739475308359395e-06 -0.9949458928527054 6.923137131897102e-06
159 1590 0 0 0 0.9949471200504717 -1.9898961829605664 5.229035314462605e-07 -5.8522409466414866e-06 -7.184629296398566e-06 8.50799259180221e-08 -0.9949505605529961 1.310775895949522e-05
160 1600 0 0 0 0.9949567075241789 -1.9899086953760794 -2.426901391150939e-07 -4.67459926425785e-06 -2.45340607890814e-07 9.399932516806794e-06 -0.9949638134406329 7.3016633884736215e-06
161 1610 0 0 0 0.9949624706171991 -1.9899095245698832 -4.825402765718602e-06 -1.3340255860752103e-05 -5.6954617962556005e-06 1.5155583495479168e-07 -0.9949517344856761 3.291363945126463e-06
162 1620 0 0 0 0.9949738019517604 -1.9899126405513754 -7.878181776733304e-06 -1.308404415311122e-05 1.3556613312798492e-05 -3.4146005967540337e-06 -0.9949562657139587 5.842289182687679e-06
163 1630 0 0 0 0.9949639789119578 -1.9899103054026934 -5.108347765324145e-06 -1.5237814960813172e-05 1.4811256119671726e-05 -1.1948490259665184e-05 -0.9949575565475616 6.5034939726327635e-06
164 1640 0 0 0 0.9949599132362441 -1.9899132726388395 -1.330511622944813e-07 -1.2981558777813624e-05 -2.7836542151901595e-06 -3.139638295939026e-06 -0.9949612968925436 7.370479885811956e-06
165 1650 0 0 0 0.9949625205335783 -1.9899178089650638 -2.343176033054262e-06 -5.3479805167528415e-06 3.640235838198181e-07 5.077744654044333e-07 -0.9949598271864992 5.628298638394641e-06
166 1660 0 0 0 0.9949538126131272 -1.9899170785693543 -2.6475802811306512e-06 -3.605816903944198e-06 -1.799604220139049e-06 1.542598378488959e-06 -0.9949603578332905 1.5500848284205716e-06
167 1670 0 0 0 0.9949588338051097 -1.9899160315911741 -7.584694272372039e-07 -4.8692468551837826e-06 -5.640276724991951e-07 8.227111858180453e-07 -0.9949595021006665 2.5389463142820264e-06
168 1680 0 0 0 0.9949547510208598 -1.9899185079944188 -1.0822773647688154e-06 -4.084432787633069e-06 -4.019685508619724e-06 3.17467123363231e-08 -0.9949573047069257 4.058785882520279e-07
169 1690 0 0 0 0.9949588828450208 -1.989912122051478 -2.0101972353976918e-06 -2.1170181428094715e-06 2.1847676100313867e-07 9.65421752508431e-07 -0.9949565758279031 2.707781658126412e-06
170 1700 0 0 0 0.994955458873611 -1.9899136721394928 9.888692084676508e-07 -2.1920104706496684e-06 -5.007624795738338e-07 3.1193922449827572e-06 -0.9949583206113815 2.004981254628756e-06
171 1710 0 0 0 0.9949573088095641 -1.9899115704630104 1.9920812309768753e-07 -2.944407635184754e-06 -1.3390654870332567e-06 1.8256521601138298e-06 -0.9949598849530309 2.7340726338764482e-06
172 1720 0 0 0 0.9949573609129093 -1.9899106043298074 -3.3252791466192144e-07 -1.703910557999582e-06 1.483273651428358e-06 1.4197559334395937e-06 -0.9949608829873334 2.060201509081928e-07
173 1730 0 0 0 0.9949602215602008 -1.9899110422884252 3.898320065899713e-07 4.111866592085977e-07 3.8742778419258764e-08 -3.645607838760811e-07 -0.9949602243674767 1.0417675346319758e-06
174 1740 0 0 0 0.9949599892580853 -1.9899116985791157 2.782380543606901e-07 2.094440187722182e-07 1.0844347149116377e-06 7.285939062861491e-07 -0.9949602353321357 1.697159704523098e-06
175 1750 0 0 0 0.9949594742448947 -1.9899130816165935 1.6597205148949854e-06 -7.417992049430629e-07 -1.4850681438458015e-07 1.2884438713019099e-06 -0.9949603335671275 -1.0498242717439092e-06
176 1760 0 0 0 0.9949591841156087 -1.9899119567162646 -1.275878530636155e-07 -4.126903014910737e-07 9.695799080023153e-07 4.871427263264863e-07 -0.9949593003402626 -2.381223764592747e-06
177 1770 0 0 0 0.9949597126723377 -1.9899113128027268 -4.527983416536052e-07 -1.649256937858444e-06 1.3296941249504038e-06 6.350927107726668e-07 -0.9949592538226103 -1.994087257916683e-06
178 1780 0 0 0 0.9949589826018804 -1.9899112982799623 5.592153108537377e-07 -1.3608681783236063e-07 4.3020119502393283e-07 5.937818650457623e-07 -0.9949588699164653 -9.86908464143584e-07
179 1790 0 0 0 0.9949590681527409 -1.9899107360249935 8.322092403031913e-07 -4.834136784101677e-07 -9.822968295228283e-07 5.587759879347441e-07 -0.994958336841276 -1.1481485729937211e-06
180 1800 0 0 0 0.994960210402785 -1.9899109925948504 4.832929843539814e-07 -3.978322373070271e-07 -2.2101812701359793e-07 3.482048617493293e-07 -0.9949581841063644 -6.305110672995524e-07
181 1810 0 0 0 0.9949603237965491 -1.9899121805878615 1.4480998120630236e-07 6.667514295480674e-08 1.3092578203881933e-07 2.637214960946595e-07 -0.9949586231482994 -3.231437131027233e-08
182 1820 0 0 0 0.994959282478504 -1.9899120759314317 -6.28731856846681e-08 -6.997932677267568e-07 3.4201503623233747e-07 4.833248032109908e-09 -0.99495818946554 1.4839552660736572e-07
183 1830 0 0 0 0.9949594708015169 -1.9899126353813825 -1.1274168252969844e-08 -5.509431269301657e-07 3.896060898572106e-07 -4.501886457797031e-07 -0.9949582746064454 9.463736306616635e-07
184 1840 0 0 0 0.9949594193623391 -1.989912319151231 -5.141368936454201e-07 2.0080771247345888e-07 1.238291427148863e-07 -5.922077884041138e-07 -0.9949573519307509 6.020441772320418e-07
185 1850 0 0 0 0.9949590495066368 -1.9899119686946598 -3.7230155877843107e-07 -3.7325633174666894e-08 -1.566156652360814e-07 -2.4399467880294926e-07 -0.9949575121271961 4.305208948584824e-07
186 1860 0 0 0 0.994958641023149 -1.989912603238519 4.078073636058205e-07 1.4061147906272706e-07 2.759735438385577e-07 -3.1497621756721526e-07 -0.994958466479754 9.181170771242967e-07
187 1870 0 0 0 0.9949590420634287 -1.989911642854291 -9.735071752617418e-08 5.626178444193766e-07 -5.194526791239845e-08 -1.687784317562493e-07 -0.9949584538023706 3.6000382255649433e-07
188 1880 0 0 0 0.994959057863437 -1.989911574870033 -1.5385858563407492e-07 4.0588735122401694e-07 -2.3794854933291982e-08 -2.9652073107191084e-07 -0.9949583886846328 4.490322438131438e-07
189 1890 0 0 0 0.9949591358749968 -1.989912089148527 1.5934389086946013e-07 6.471212566465996e-07 1.1090850330503539e-07 -7.604234634779316e-07 -0.9949583601537958 -2.3069209692647965e-07
190 1900 0 0 0 0.9949588487087664 -1.9899121359412424 -2.3513152890564577e-07 4.6907362866871545e-07 -1.1968378233331676e-08 -3.329012812333005e-08 -0.9949581600248667 -3.4077167508447416e-07
191 1910 0 0 0 0.9949587848770571 -1.9899125188057298 2.5280124523644073e-07 2.3875560972811657e-07 5.5759129387323e-08 -3.3233242666850347e-08 -0.994958863624707 -1.738180094489266e-07
192 1920 0 0 0 0.9949586178657065 -1.9899121348880198 4.1317769434909076e-08 3.2644789940265613e-08 2.0730538880476348e-07 -5.805768436520439e-08 -0.994958660577434 -7.390175326691314e-08
193 1930 0 0 0 0.9949586804899089 -1.9899119810765886 1.0720912844271648e-07 5.1684248570919464e-08 2.1697473123583877e-07 3.2079617961900217e-10 -0.9949586608192723 1.8991136262669215e-07
194 1940 0 0 0 0.9949587739334659 -1.9899123502645921 6.05010163373622e-08 -1.115845196575843e-07 -2.7265049692304277e-07 1.846232565160735e-07 -0.9949585731575292 1.646563451866045e-07
195 1950 0 0 0 0.9949589364690752 -1.9899123680595738 1.1929120818879162e-07 3.432137693406501e-08 -7.216013389474619e-08 -5.59164793931829e-08 -0.9949587771020234 1.2460440140413739e-08
196 1960 0 0 0 0.994958842759589 -1.9899122780602538 2.5863818884896957e-07 -4.684072919022463e-08 -6.688420448189828e-08 1.8738442275511918e-07 -0.9949587150185525 4.511588171669072e-08
197 1970 0 0 0 0.9949588147433481 -1.9899122015652788 1.4635262252024316e-07 -2.6433442213427518e-08 -2.3165586746383184e-07 2.8379834439279513e-07 -0.9949586467722906 7.955504232178858e-08
198 1980 0 0 0 0.9949587768304048 -1.989912153515469 2.417287344549997e-07 5.928501758495319e-08 -2.1023299158870285e-07 1.9325150344037064e-07 -0.9949586811335613 1.6333977359568108e-07
199 1990 0 0 0 0.9949587794719684 -1.9899121257297454 2.7636064782565186e-07 7.757989814591676e-08 -1.8010542577791158e-08 1.797678203451999e-07 -0.9949587653433354 1.8669383374556713e-07
200 2000 0 0 0 0.9949589240690492 -1.9899121980550565 2.942769958227986e-07 1.338171404923809e-07 1.5738137986628337e-08 1.528832913091374e-07 -0.9949587671553659 1.1861694166446591e-07
201 2010 0 0 0 0.9949588170695931 -1.9899120531683818 2.0827905565536617e-07 4.9415737720008706e-08 -3.930541225036296e-08 1.2214175839258014e-07 -0.9949585982575757 8.883575866068448e-08
202 2020 0 0 0 0.9949588118924615 -1.9899120959431897 2.1094938833279334e-07 2.935280304517997e-08 -6.555146333755248e-08 2.0942560675644472e-07 -0.9949586632843986 1.1826053941494115e-07
203 2030 0 0 0 0.9949587410483133 -1.9899121327369371 2.7509621920918724e-07 -5.0022791294393454e-08 -6.84835025745153e-08 1.6095140764376605e-07 -0.9949586695948549 1.5667654436603285e-07
204 2040 0 0 0 0.9949586755477041 -1.9899122107619147 2.591151965360176e-07 -7.87804631424465e-08 -4.277810142516676e-08 1.3940752730036061e-07 -0.9949587211803265 1.0621829099682388e-07
205 2050 0 0 0 0.9949586820597331 -1.9899121923403882 1.735878162144265e-07 -8.0186041839525e-08 -7.191890044644677e-08 9.421321090815077e-08 -0.9949586125160543 1.1325446233543983e-07
206 2060 0 0 0 0.994958684153874 -1.9899122145119568 7.736153515584387e-08 -7.599720653613365e-08 -3.606695232761766e-08 7.267496285758167e-08 -0.9949585745051802 1.3030387913710987e-07
207 2070 0 0 0 0.99495869219032 -1.9899122020712017 -2.0993475506386178e-08 -5.405082306554267e-09 -3.9745292734152675e-08 6.973477117911975e-08 -0.9949585662915559 6.115933812842309e-08
208 2080 0 0 0 0.9949587334877069 -1.9899122135153755 4.404673072008812e-08 -2.5336878167754347e-08 -1.7715688565009712e-08 7.846050280893972e-08 -0.9949586337834806 6.570106059400558e-08
209 2090 0 0 0 0.9949586416610333 -1.9899121555700916 6.93565220079968e-09 5.096369293549336e-10 -4.2053269418081674e-08 8.928399992221855e-08 -0.9949585513074823 4.4669626346832585e-08
210 2100 0 0 0 0.9949586243798895 -1.989912234697891 1.3831746119154781e-09 -5.685516367055946e-08 -6.653905168028097e-09 1.2725452697958292e-07 -0.9949585950246204 8.340790655750457e-08
211 2110 0 0 0 0.994958628167958 -1.9899120981381688 7.164164785642039e-09 -1.4382079337046564e-08 3.721304159746334e-08 5.818934408032471e-08 -0.9949586093660662 -2.3126048455494965e-09
212 2120 0 0 0 0.9949586347984679 -1.9899121644865456 -6.292861019454988e-09 -6.792630746310342e-10 5.010674927900032e-08 5.6208704058813775e-08 -0.9949586031588408 -1.012085580769871e-08
213 2130 0 0 0 0.9949586129707346 -1.9899121447882038 2.5546626912022543e-08 1.004387506094246e-08 -1.8467554709457645e-08 7.775958946979103e-08 -0.9949585697666707 -7.3465772112555455e-09
214 2140 0 0 0 0.9949585992601302 -1.9899121911064326 -3.8311850224215316e-08 -1.2612181139894665e-08 6.095229743273651e-09 8.848243154239622e-08 -0.9949585680965286 3.2644979199578276e-08
215 2150 0 0 0 0.994958623917783 -1.989912196960956 1.1517160866775665e-08 2.049004341935958e-09 -6.279186743139619e-09 6.05268229044646e-08 -0.9949585573454482 2.074245061195766e-08
216 2160 0 0 0 0.9949586466737458 -1.9899121888874503 9.848757231948033e-09 -1.0755614132668944e-08 3.6450686958406966e-08 2.8187828996919853e-08 -0.9949585745230068 -3.6897382746958154e-08
217 2170 0 0 0 0.9949586868805889 -1.9899122092115062 1.5081407094083975e-08 -4.080597917274286e-08 2.534301163351733e-08 4.5582249448521026e-08 -0.9949585969056902 -4.820110004362449e-08
218 2180 0 0 0 0.994958690707024 -1.9899122106130023 6.6986217143563344e-09 -6.427647116490596e-08 1.5300675191131974e-08 2.568871812038957e-08 -0.9949586158083161 -9.892635013914522e-09
219 2190 0 0 0 0.9949586443380788 -1.9899122274400425 -2.8291640602060494e-08 -8.809234216481641e-09 2.8220193810669455e-08 3.28988386743047e-08 -0.9949586210866428 6.882824380476648e-09
220 2200 0 0 0 0.9949586778379451 -1.989912214087525 -9.02135517552807e-09 -4.62957551211732e-09 2.7579938586650522e-08 1.127479226707551e-08 -0.9949586706105028 -2.8196927489877317e-08
221 2210 0 0 0 0.9949586437144159 -1.9899122363195487 -4.332472533707768e-08 1.0258736438608122e-08 3.511778819563538e-08 1.8483819403397536e-08 -0.9949586308720847 -1.836903640310385e-08
222 2220 0 0 0 0.9949586302741192 -1.9899122457026266 -1.9314786194358694e-08 1.2248856515000846e-08 1.748749328142214e-08 7.119483076062668e-09 -0.9949586127182972 -2.854906666225407e-08
223 2230 0 0 0 0.9949586360976791 -1.989912247259041 -4.1123155458925e-09 -4.718240440920546e-09 -2.4745032185599885e-09 2.3341294657454293e-08 -0.9949586500285892 -2.6214916385337817e-08
224 2240 0 0 0 0.994958619000942 -1.9899122498756587 -3.082117635798339e-10 -1.2046219341642174e-08 6.115127619682392e-09 7.24052797583822e-09 -0.9949586519876261 5.666714094106636e-09
225 2250 0 0 0 0.994958639047069 -1.9899122482041822 2.8528622913726147e-08 -1.0416947300302774e-08 6.276540353432561e-09 1.0058032980705609e-09 -0.9949586476027311 -9.999512803515568e-09
226 2260 0 0 0 0.9949586327790622 -1.989912242896545 2.0327734842714895e-08 -2.34026787912749e-08 6.787389880899371e-09 1.0626408554985873e-08 -0.9949586461112716 6.124807608712599e-09
227 2270 0 0 0 0.9949586294968994 -1.9899122300259453 7.156183656910483e-10 -2.172025578281697e-08 -3.022743080162213e-09 6.08047120273192e-09 -0.9949586279746906 1.704890648551102e-08
228 2280 0 0 0 0.9949586101344537 -1.989912238240419 3.505462040740761e-09 -1.9390192200922755e-08 7.018422484370311e-09 -3.0654902638952624e-09 -0.9949586359573602 4.508106265778571e-09
229 2290 0 0 0 0.9949586072155435 -1.9899122287642965 -1.6555482705074957e-08 -1.6051012962680413e-08 -2.5012902810462467e-09 -1.0973361629945655e-08 -0.9949586305141911 6.562434137502467e-09
230 2300 0 0 0 0.9949586089546445 -1.989912227278388 -1.1036619353322477e-08 -4.474652963182774e-09 6.308117155545461e-09 -1.63633579884785e-08 -0.9949586321828122 1.0115537674818333e-08
231 2310 0 0 0 0.9949586119811219 -1.9899122273691658 -1.0140037065853202e-08 -4.081735403653197e-09 4.984498341288158e-09 -1.159396339999292e-08 -0.9949586157601795 2.5746301659701563e-08
232 2320 0 0 0 0.9949586067567698 -1.9899122298034253 1.184368350653155e-09 -6.012607618529071e-09 4.475406685217645e-09 -1.6412321164682718e-08 -0.9949586252209067 8.528736684819856e-09
233 2330 0 0 0 0.9949586187683503 -1.9899122360957384 1.4993412713936546e-08 -7.310273464744161e-10 3.2199547493091355e-09 -1.9332641699309852e-08 -0.9949586278909458 2.2092288913257063e-09
234 2340 0 0 0 0.9949586201663078 -1.9899122417881014 1.3162908176799178e-08 1.0426825976337382e-08 5.490789159236105e-09 -6.954027862419545e-09 -0.9949586235221224 -1.37023827914221e-08
235 2350 0 0 0 0.9949586170590513 -1.9899122462125447 9.13314372423457e-09 -1.7468790996126927e-09 6.41072511785097e-09 -4.203034723470202e-09 -0.9949586272297162 -1.250092714637471e-08
236 2360 0 0 0 0.9949586198341566 -1.9899122380992083 7.554730525200046e-09 4.068372813618988e-09 5.735501557207335e-10 -1.8441033421488426e-09 -0.9949586331996171 -3.539965190981858e-11
237 2370 0 0 0 0.9949586337328288 -1.9899122390150563 4.659426691970559e-09 3.0942172682554824e-09 6.032148500949688e-09 2.894550893830456e-09 -0.9949586398795149 7.881559102846799e-09
238 2380 0 0 0 0.9949586283845788 -1.9899122369945057 9.465728432847004e-09 -8.187127971920213e-12 6.394583678255557e-10 7.369202219489961e-10 -0.9949586364609309 1.7795377182422722e-09
239 2390 0 0 0 0.9949586353381935 -1.9899122402904608 5.789569271121223e-09 7.382515588755307e-10 6.151322101588459e-10 1.7467380235872068e-09 -0.9949586301316412 -4.086323942449406e-09
240 2400 0 0 0 0.9949586328848542 -1.9899122366669029 5.721404456050496e-09 1.6576155229923614e-09 -3.988720859925073e-09 3.7343564061501234e-09 -0.9949586300277479 1.2151942268224988e-09
241 2410 0 0 0 0.9949586328846396 -1.9899122363684965 6.922073469395173e-09 -9.095335668206251e-10 -4.903435011058643e-09 -9.621736470741279e-10 -0.994958632392374 1.6762246053085834e-09
242 2420 0 0 0 0.9949586320225875 -1.9899122413681343 3.6201773043322217e-10 -2.728493490870683e-09 8.039200184445455e-11 -5.096632378025558e-09 -0.9949586299087732 2.8643074925730923e-09
243 2430 0 0 0 0.9949586321791265 -1.9899122434394432 -2.9393670177475995e-10 -3.5988597177119408e-09 8.22915791548481e-10 -7.178881685405493e-09 -0.9949586302564425 1.5943108752044562e-09
244 2440 0 0 0 0.9949586351814511 -1.989912241672896 3.4457537881025822e-09 -1.3484515178543204e-09 -6.846590344319475e-10 -8.764277066374126e-09 -0.9949586311719872 1.8169912061239762e-09
