% # columns="iteration, evaluation, sigma, void, void,  stds==sigma*sqrt(diag(C))", seed=271117, Mon Jul  9 19:00:10 2018, <python>{}</python>
1 10 0.4512276216243093 0 0 0.4580041689885006 0.43742372301422966 0.43446852044558737 0.45148070315934863 0.45553923243077965 0.445548373218714 0.44992237563521814 0.44059940875587533
2 20 0.41108722269146086 0 0 0.41108210374386045 0.38066512928795676 0.41099865995809065 0.40687683260632557 0.4265806709730773 0.39863144065109246 0.4079059363813565 0.4071318474411226
3 30 0.4282821575157191 0 0 0.42102565309252177 0.4001244142625642 0.41729990774557507 0.42622394510655753 0.43677762750091104 0.44364822660577263 0.4178300623690729 0.45332102939121804
4 40 0.44312022552948305 0 0 0.44484685046490074 0.43148865475034875 0.41113650195330015 0.4357326009276503 0.431651226549061 0.4533070986504743 0.4297746778147251 0.4842013322654814
5 50 0.4614080293578237 0 0 0.4683205394285505 0.4590707397312215 0.4322276415550056 0.4666023717292992 0.4416759706495568 0.4700305937417349 0.4319266991752216 0.49982181497673944
6 60 0.4612850942189602 0 0 0.49595634439934905 0.4655862563067794 0.41211354054986016 0.4648723740458021 0.4264268658035141 0.46826004703271046 0.422822493096728 0.499019625877053
7 70 0.49136043113118855 0 0 0.5113991929438527 0.5271459947186969 0.4276716783182282 0.49111105087632767 0.45479772487517 0.5019461649994257 0.4681070571592518 0.5379702779666721
8 80 0.49372780167452907 0 0 0.5368612662512781 0.5186202411950244 0.43124906569446636 0.5019187933720537 0.43752536690586113 0.49467504600304435 0.46799412577362814 0.5400517254913636
9 90 0.5054478882944374 0 0 0.5699038410602834 0.543575634392231 0.42848553553642155 0.5137792787918165 0.4570328805271893 0.4740105522985481 0.48792685181302226 0.5331177343014556
10 100 0.525638281968085 0 0 0.6018363175976028 0.5592057584981976 0.4224644686552605 0.5285777544139604 0.4677068160651344 0.4857188665471251 0.529947943927477 0.5734738152174277
11 110 0.5412107466386046 0 0 0.6081058898379439 0.5782413339616612 0.4279250754067666 0.5486164398373609 0.4813328920659944 0.5321957968102307 0.5292290583670531 0.5839804578367876
12 120 0.47072298908189947 0 0 0.5326173768581505 0.5097301915752223 0.360736448544732 0.4771856179765004 0.4143819501436846 0.45911700905465486 0.4606273033050547 0.5152965944989166
13 130 0.4401374315031267 0 0 0.4888888040416993 0.48399611135919673 0.33042596178305045 0.42703432270843394 0.3882033270214841 0.4383568941933378 0.4255348435023928 0.482106585634228
14 140 0.4415798093299431 0 0 0.49142210249265217 0.48071290638075126 0.35064264148035795 0.42708256302835784 0.3880688955671004 0.4391101723884823 0.44468546005509235 0.46001659151313945
15 150 0.45960081111715667 0 0 0.48446040787866956 0.5159162801415021 0.36389577382349897 0.44561392613158 0.43548156085572604 0.4597839763947527 0.46715622940951257 0.47406269774588294
16 160 0.47793004501492875 0 0 0.49511225408956827 0.560183953135521 0.37863397896957884 0.46234116867297503 0.46327246720928883 0.4674352381414561 0.48958191603245266 0.48763716323528344
17 170 0.4581637856660385 0 0 0.47338493037396956 0.5382038276143349 0.35703239027559125 0.4496796757654202 0.44822244095671226 0.4423643312690847 0.46059477407474336 0.4576747016445103
18 180 0.45253120830601473 0 0 0.4731858633309322 0.5330993048503874 0.32748595962263866 0.4367148410896341 0.4343265789048633 0.45176609826102865 0.47019612664747945 0.4543166658868991
19 190 0.46400512900844326 0 0 0.4955960835824849 0.5305669527466005 0.3193205351908321 0.43667621878773927 0.4694146495761439 0.46386261587471805 0.5018013680304082 0.4566178557822653
20 200 0.44617026035584867 0 0 0.4781941213253608 0.49797960312591616 0.305002204667799 0.4230516051694424 0.43817739879723916 0.4520270155292615 0.483796628737937 0.45194797546379856
21 210 0.4591734150839598 0 0 0.49973747259205903 0.5392043686026643 0.3197584974511792 0.42519362183537956 0.4356316848685806 0.4708312517130936 0.49969598124799774 0.4603649674309947
22 220 0.4889878692413234 0 0 0.5482228804083618 0.5857976042412294 0.34508892998465546 0.44063346859419633 0.4548386307419267 0.4911705637746603 0.5360431482607082 0.504807761188054
23 230 0.5009623037961446 0 0 0.5522429510410393 0.6420618703772455 0.34920663059768103 0.44839878742305134 0.47072869683657054 0.5101748428067293 0.5262867536813922 0.5238397983240299
24 240 0.5199594156805 0 0 0.566109140378601 0.6612348542036679 0.3626855883383747 0.4720746917959897 0.4730966723518854 0.5320109563374013 0.5303144882854873 0.5406982409288978
25 250 0.49477800002295896 0 0 0.530769216656107 0.611776141345905 0.33103930689488936 0.4516468690887107 0.4345376779919283 0.5013969306096215 0.5014321143615063 0.5140889877311258
26 260 0.4938700996972661 0 0 0.5175576743403559 0.6097660443074242 0.3178321411988763 0.4562119431081181 0.42461885538862526 0.4948145350239709 0.5041359296868394 0.5111791307215025
27 270 0.5047442551009194 0 0 0.5340609629197504 0.6405239982589471 0.32067652144903597 0.4650024775343012 0.4368861558416605 0.515045230308455 0.5316057374771684 0.5097057791227384
28 280 0.5060991875645917 0 0 0.5316113621629014 0.6449987259779913 0.316327441858608 0.4673237800316409 0.4437477495191797 0.5114991147636002 0.5293766495121929 0.5201068260991462
29 290 0.46878104929393066 0 0 0.487461349059595 0.6080080811410619 0.2931055360463027 0.4137947497845321 0.41070539391793537 0.4652642551839882 0.4655118719617031 0.4797324154061641
30 300 0.4212233869392339 0 0 0.4327004909276423 0.5523782953806036 0.26082889573026213 0.34840991213055095 0.36938179911456576 0.4225928005627485 0.417336072708634 0.4372632505514624
31 310 0.4612056237678385 0 0 0.47547583533771276 0.5994144332346082 0.28897786879298315 0.37136970542438674 0.38707618851079456 0.4850418311445416 0.4538671102193858 0.537550136008937
32 320 0.5128734708787125 0 0 0.5513772130646722 0.6451360743274054 0.3098819257503341 0.4009524497442017 0.42726755672440225 0.5628440645551464 0.49620102147655454 0.6755941841873363
33 330 0.5107396935126319 0 0 0.555202342837024 0.615204187152669 0.3024103282090706 0.3985615987773308 0.44076271775890546 0.5711842745103026 0.47568251133970135 0.6869777549181166
34 340 0.4829380917731945 0 0 0.5269326368506952 0.5889842660290626 0.28609821543865466 0.3640619509440138 0.411834526706942 0.534723733932426 0.44576854000872956 0.6513673521690531
35 350 0.5029319773070079 0 0 0.535979900870104 0.6116032673242742 0.28371120229956787 0.3665836018074331 0.4231445287783688 0.5606205196997354 0.4690850843452169 0.6495606320573852
36 360 0.48485012408814376 0 0 0.5274404508493619 0.5983351766841036 0.27314007029109266 0.3475177076266006 0.3948973076130949 0.5336015056875928 0.4481419989322962 0.6313242407388606
37 370 0.45072504114841067 0 0 0.47096883976335546 0.5599279965319796 0.24739561212356095 0.32319023828061083 0.3511695343460984 0.5133861805298982 0.41634533063715 0.5917554320771189
38 380 0.4245144568541908 0 0 0.4497135119053565 0.5207778435938394 0.22602972629003987 0.3012175448398556 0.3439599465053254 0.47414620595400386 0.37985939498604643 0.5436595319076293
39 390 0.3696382329817778 0 0 0.39301785367906283 0.4506364280030306 0.18692507513689635 0.2610043864799922 0.29841611416496844 0.4078807171460633 0.3249129975513763 0.4550129476982225
40 400 0.3766886497659511 0 0 0.39072292884879595 0.47401479833178334 0.17906824963610898 0.2639228975405417 0.327183931227059 0.4139224225084254 0.32314526929060255 0.4524686125483122
41 410 0.39486153104519917 0 0 0.3842402186978236 0.49304605574239346 0.1853660626821353 0.2766933836157346 0.36959267802998885 0.41241609847443345 0.33140357167456136 0.47052076333713005
42 420 0.38020822837634505 0 0 0.36171170084460225 0.46904587792754043 0.1732218571622968 0.26267870782185154 0.35216966305055614 0.39588273450740946 0.31309890695070236 0.44006969009682106
43 430 0.40119086130805887 0 0 0.3773221582531181 0.5071684050310624 0.1787380076544989 0.2729468252042977 0.367472451233726 0.4370368001012819 0.31598474226962375 0.47266497541114744
44 440 0.36887812273766757 0 0 0.33541261394283617 0.4700292503516753 0.15895908679568782 0.24612237415165186 0.3322794396464428 0.39430323520102656 0.2838442378422336 0.4443968369050086
45 450 0.32016354709098227 0 0 0.2799170193042396 0.40228392280717173 0.13880866500165842 0.2119151606829769 0.2771789098856526 0.34362234097123423 0.24511428570417046 0.3860539899066255
46 460 0.30175992269767327 0 0 0.2614183449887651 0.3745684925437314 0.13229101134101476 0.19922179050421723 0.25714527625107014 0.3192397838344841 0.22398463970246127 0.3687294528750704
47 470 0.2691005953225491 0 0 0.21944190312048392 0.32735955286634816 0.11569699716961569 0.17763394203112595 0.22389257233256452 0.28760730376210064 0.19820209721257087 0.31928892268172204
48 480 0.250235606146732 0 0 0.198591108398921 0.3023184466152326 0.11077373985341621 0.15673028911753 0.20685633920875449 0.2624792042107815 0.17937781728240282 0.29584476176198177
49 490 0.24645775174504317 0 0 0.18639347124720956 0.29086550588395205 0.10931402502882222 0.1522288532540945 0.1940486905740133 0.25701012663782713 0.17662962857578585 0.2882927079335125
50 500 0.24246764993540043 0 0 0.17911703102964474 0.27553940744992306 0.10695793314395154 0.15035853898550763 0.18985694705922973 0.2461895069329423 0.16790771325527992 0.2965099509949018
51 510 0.2209819261913725 0 0 0.1629635485705066 0.2400825434475725 0.09672312608640996 0.13512990542631237 0.1706895954782431 0.21600326608874573 0.14956929364449 0.2658313904756531
52 520 0.20608591265400458 0 0 0.1464340322064289 0.21700675611230286 0.08710536095843263 0.12903394427492945 0.1570933969465107 0.19893563113094842 0.1360901989503195 0.23926781165314487
53 530 0.18261655345411343 0 0 0.12658544719881268 0.18549813043802155 0.07455270251869404 0.10957337261240198 0.13932546719367916 0.17107998545205508 0.11869722739796801 0.20812541416790323
54 540 0.16623314724238514 0 0 0.11460589592381987 0.16114761047643514 0.06519405468802518 0.09778092679117066 0.12424016081393097 0.1564840563857154 0.10802200615622448 0.18583855749980668
55 550 0.1480816814348245 0 0 0.10069173449358115 0.1423522596783019 0.05765004599924063 0.08618246624092087 0.10950131653939835 0.1344783410385989 0.09645961024676225 0.15963685528504998
56 560 0.1311264403366792 0 0 0.08646818803434969 0.12084008954075136 0.051150019347559084 0.0765814027258927 0.09876732484472839 0.1174613673226891 0.08438645753330501 0.13716446020970868
57 570 0.1321036920320555 0 0 0.08664109725644716 0.11697497935395229 0.049662502910197165 0.07973582099298675 0.09570867806501622 0.12123866907456797 0.08228776032649315 0.13748866397570306
58 580 0.1203793168875776 0 0 0.07722008272255286 0.10120617188794334 0.04585158254546763 0.07388626460615406 0.08582926430834256 0.10731643059361612 0.07390110664918899 0.12213826362169604
59 590 0.11714041007097442 0 0 0.07634373988352017 0.09294183211635296 0.04439631147666511 0.06770963280709652 0.08533835847149857 0.10196726879942533 0.07186121919278972 0.11413142406176453
60 600 0.10755432379960655 0 0 0.07011300208322 0.08135494326770383 0.040410933319866005 0.06178010874939544 0.07618030552211681 0.09007379149325281 0.06482757688865552 0.10382701607909055
61 610 0.09625029309950439 0 0 0.061840552964717466 0.07274657819494433 0.03539329973142497 0.05254832204483225 0.06785868318262346 0.08015603106407973 0.057491450578811124 0.08928899066545519
62 620 0.09099245764519827 0 0 0.05787847716426339 0.06860037087239221 0.03305909963800448 0.04765362991274408 0.06187501831564083 0.07503070117591751 0.05509378607424246 0.08215169683196737
63 630 0.09351857785352742 0 0 0.059824040254759604 0.07020182230255222 0.03383347532598174 0.048705246147719754 0.062193469740590396 0.0719648565623748 0.06093750271877136 0.08286239824210012
64 640 0.08857418913436821 0 0 0.05644875724016845 0.06440911536715017 0.03253166642577593 0.04567463138765207 0.05885778548348048 0.06698645342656301 0.05799617970680592 0.07503619993776288
65 650 0.08051596536711726 0 0 0.05207174033180398 0.056755459891709666 0.029740584937733367 0.04132924505162487 0.05351096297817722 0.05915258232107002 0.05146843239236389 0.06396749880473153
66 660 0.07336080382063115 0 0 0.044275412518753776 0.05103673690218452 0.026736178628417883 0.037844544012242944 0.049002345315832946 0.05286948745509474 0.04547708106110317 0.05725796170640076
67 670 0.06490725228098176 0 0 0.037829868072541496 0.045251288170434056 0.023064185996550766 0.03319452108728101 0.04322837044306286 0.04412172833832111 0.03906453064920512 0.04922933535647206
68 680 0.06111892023760067 0 0 0.03443383148867195 0.0410077125198966 0.02246233024615998 0.03036245430929503 0.04098711885289956 0.04133760110826506 0.0363367969464993 0.047065321561564934
69 690 0.060688025075245 0 0 0.0337192405206698 0.04062827467523798 0.02280393889904476 0.03126775140958675 0.04089984352675371 0.041139403884986915 0.03537984529522254 0.0479618105572936
70 700 0.060412352045310584 0 0 0.03279821098752189 0.038877872290454425 0.02328175988685661 0.03078083093162139 0.04058715589243009 0.04051950476457538 0.03500448042606998 0.048469084919817225
71 710 0.05573877164113941 0 0 0.030034275961281817 0.037157800439289894 0.021591343065426424 0.028302905949951204 0.03548654352307768 0.037660484730473086 0.031141582840505853 0.042616121150592594
72 720 0.04780597128449125 0 0 0.02535397596459217 0.031333060404702046 0.017732998922351726 0.02344914834215149 0.030184474508598746 0.030250919150285386 0.02680279779007231 0.03619108603739571
73 730 0.04592411660814886 0 0 0.024149980419619434 0.0287687600942496 0.017235880542281267 0.0220814208798843 0.028421618421135962 0.028627934475654156 0.025459036265845114 0.03459442463611657
74 740 0.043042991279291475 0 0 0.02264354189529743 0.026060227708101534 0.016071215120848182 0.02053726469338153 0.02692683560699011 0.026646415798649493 0.02396423666554994 0.03048004608756802
75 750 0.04389582701432927 0 0 0.025190561805636072 0.025782670594856484 0.0162418206397429 0.021318722721349527 0.02689921456732804 0.02660055591152754 0.023846501782722147 0.030107587319196095
76 760 0.043019932588963375 0 0 0.024735833232442626 0.025133605075074245 0.015050328621386068 0.02124450065467448 0.02640493982172581 0.026228633536424243 0.02262175653002364 0.028114129982760607
77 770 0.04310921730902151 0 0 0.024741308876497194 0.024625988854464303 0.015063407465582384 0.020541974170410954 0.025923948100215408 0.02539853177035143 0.02262668209617553 0.02834292408981698
78 780 0.04209532582437363 0 0 0.02391794202520185 0.024216606253185877 0.01471643862564235 0.019445180753066386 0.024822232919186987 0.024920428873169156 0.02124722639091529 0.026984133563273782
79 790 0.03811096176637268 0 0 0.022085571998784706 0.02096602717124657 0.01336165832117526 0.016181043983371033 0.022385769992635585 0.02195380186745745 0.019377569085495903 0.023974370744867395
80 800 0.03440753815400261 0 0 0.019551609271333502 0.018606925800948502 0.011702806075518622 0.014375927359111322 0.01986125081502575 0.01936888122606412 0.017524435497818944 0.02103110977601684
81 810 0.031742133441751294 0 0 0.017900998718736297 0.016449475153881628 0.010712797746992792 0.013102631463912728 0.018283795008149074 0.018320401854612464 0.01570613873780254 0.018888405569191496
82 820 0.031238714236052158 0 0 0.017083936292909975 0.016253033798209145 0.010921718136527652 0.012447654346160943 0.01739266894374138 0.017477958973586893 0.015407858946842129 0.018076801463292037
83 830 0.030232993280568887 0 0 0.015712673526330913 0.015553121500856183 0.010821320135605465 0.011279307090169192 0.017304948021810554 0.016512352273497666 0.01483860586032001 0.017161039655129516
84 840 0.02786584256769887 0 0 0.014091783017104051 0.014171489557851738 0.009907776698154042 0.01019363630008712 0.015730501337675885 0.014815811543715165 0.013697382417617374 0.015035384325516895
85 850 0.026436371057441763 0 0 0.012868201020384228 0.014146802521228448 0.0093402509124395 0.009636546153553657 0.015049951506677064 0.013510532630963584 0.012419995775028522 0.013910826742122129
86 860 0.025920253292350027 0 0 0.012870197790860943 0.013635096115743586 0.008958542477760317 0.00962756530150954 0.01471751638914105 0.012859920160912553 0.012299947399477297 0.01311561700214162
87 870 0.026182024859227302 0 0 0.013261240451236112 0.012633073446276745 0.009234315733765045 0.009436792757417196 0.014676275462153143 0.013387141313343478 0.012226483886406849 0.013201680739521096
88 880 0.025568590515997257 0 0 0.012743415384134872 0.012407831614943757 0.008833167757985596 0.009205712243488744 0.013855309085681104 0.012362782869300723 0.011485864660622734 0.012728446345278038
89 890 0.026038894990690592 0 0 0.012686626181773287 0.01251718855142935 0.009300000271320698 0.009195762669056633 0.013793966695807455 0.012648038521908113 0.011458154956556455 0.012879932871051101
90 900 0.02349059094800453 0 0 0.011516801838829532 0.011101677050500334 0.008444130340086007 0.00818943297848227 0.011909210545677272 0.010881584678121425 0.010195973139461346 0.011248575894749991
91 910 0.022362861887678852 0 0 0.010906393353848128 0.010571524502503286 0.007817186210173879 0.007914113348757619 0.01126959779055287 0.010304076569740766 0.009527210199906672 0.01024458343986728
92 920 0.021193715778690038 0 0 0.00981783145109324 0.010014727999812605 0.00725433457181949 0.007450223637474598 0.010631586741267804 0.009897435893800407 0.008710304765459713 0.009731564783931477
93 930 0.019786420818149467 0 0 0.009338907978665064 0.009316396836019501 0.006638168471064482 0.006727397348874066 0.010229443603714488 0.009321002378184142 0.007842199825787715 0.009139418807622667
94 940 0.016845991667470497 0 0 0.008048439977166255 0.0077033213172580765 0.00552780681242626 0.005672411974225106 0.00812325703948026 0.007907604130318433 0.0065521107791804345 0.007386545150006668
95 950 0.014871841253275283 0 0 0.007144075443113167 0.006809484404626136 0.00474362064595978 0.0047887071011616916 0.006852625226254774 0.00694192626143976 0.0057190709227585255 0.006418676395998345
96 960 0.013968744228791637 0 0 0.006711738639597791 0.006275400334325014 0.004320682300731559 0.004424268168368173 0.0062896708726484585 0.0063365294467395165 0.0053342938990152 0.005936994152852274
97 970 0.013816253672628296 0 0 0.006579421298738132 0.006017371740708397 0.00418749088365987 0.0046804523866891615 0.006013081021315266 0.006312039771914521 0.005118561452119953 0.005781679885037259
98 980 0.013109670020117838 0 0 0.006461369343806235 0.005397385511347218 0.004102745485068658 0.004384105567119518 0.005692444503285906 0.005856184868116382 0.004811782189627423 0.005188271376174544
99 990 0.011620580691109321 0 0 0.0055415740270505906 0.004779880384930613 0.00351527376607105 0.0037979054047998866 0.005026931445083559 0.0049035447315427675 0.004242755018468876 0.004615225032265383
100 1000 0.01080234689688337 0 0 0.004876285619170067 0.004375267398949493 0.003292439772946152 0.0034969560768510354 0.004546054296517773 0.004514332956271567 0.003959747289418742 0.004242798651538956
101 1010 0.010268003684433716 0 0 0.004487791694451328 0.004024372628316648 0.00313359878210321 0.003304221163167634 0.004320764604009477 0.004085056761288483 0.003677298250512371 0.004018791243618877
102 1020 0.009122020469667846 0 0 0.00379566198015083 0.0035129550413888996 0.0027280567892204333 0.002837621635454828 0.003792475880028281 0.0035736570717102346 0.0032678180751230753 0.003581980365638696
103 1030 0.007775128046642097 0 0 0.0031534776137650384 0.0029209136488784313 0.0023828131410792287 0.0024190665004817564 0.0031601190157613947 0.002945853481290471 0.002659941756885291 0.002950350795142907
104 1040 0.007105774240496335 0 0 0.002814273999693162 0.002575392222139957 0.0021545717325197012 0.0021618615214349943 0.0029217245459532363 0.002639834263529248 0.002412252024614511 0.002647606266290699
105 1050 0.006649616510689302 0 0 0.0026432030757513087 0.002411476110810007 0.002017313742643009 0.0019884405898395133 0.002636291748942297 0.0024332153145621947 0.002283723742427324 0.0024347984436577617
106 1060 0.006353721885485523 0 0 0.0024495196672750306 0.0022558403171990564 0.0019229773589421052 0.0018713962957119567 0.0025268172902588376 0.002241447605140553 0.002078938407517376 0.002357697458249765
107 1070 0.006094589575240121 0 0 0.0022575705826173094 0.0020526455889981116 0.0018973329611839433 0.001742571109926221 0.002386569610870438 0.0021652117397073204 0.0020691155223839922 0.0022764262406873336
108 1080 0.00523795763470659 0 0 0.001919344108169866 0.001704639328238626 0.0015886013903063324 0.0014794336740646206 0.002025867087505795 0.0018356230404626844 0.0017570907535383526 0.0018979185571036828
109 1090 0.005104518710094507 0 0 0.0018980542564735262 0.0016525525005092268 0.0014966695612034424 0.0013986112768455277 0.0020012987034146966 0.001774505411389297 0.0016927122125710088 0.0018757165955728431
110 1100 0.004933585561523912 0 0 0.0017948041365115901 0.0016000191170442457 0.001427715917249583 0.0013296372804573909 0.0019424360632918803 0.0016795990337558798 0.0016621838269829724 0.0017127694604201714
111 1110 0.004680162899425949 0 0 0.0016918192198198101 0.0015285068502087524 0.0013558777552287802 0.0012810815393573963 0.0017328911970568915 0.0016467468985228214 0.0015369821593677973 0.001516356358551117
112 1120 0.004171620301683605 0 0 0.0015043368112867518 0.0012812654120985636 0.001194166903478592 0.0011588518093439677 0.0015329910138286893 0.0014775938949713142 0.0013632896810970494 0.0013137232534041461
113 1130 0.003807339385367745 0 0 0.0013649818968924517 0.001130515562863287 0.001040097910265547 0.00102302036181947 0.0014009233569672647 0.0013452478190751505 0.0012460257694601024 0.001194624040226423
114 1140 0.003610111253228709 0 0 0.0012696165686774971 0.0010394480571531142 0.0009871212709215997 0.0009157348749743029 0.0012776037472221468 0.0012720865419334122 0.0011494288121529884 0.0011571450729090077
115 1150 0.0030090411993551713 0 0 0.0010258102031453261 0.0008245095170562344 0.0008094773646966668 0.0007650067279539901 0.0010471277705768982 0.0010229645276431498 0.0009315368003215012 0.0009825486466949927
116 1160 0.0027652445752010964 0 0 0.0009129005082058823 0.0007523990012160033 0.0007636523804110003 0.0006980777020957305 0.0009612495155033909 0.0009100613492573367 0.0008080848686364717 0.0008920843569270701
117 1170 0.00260200872533355 0 0 0.0008556381411914031 0.00071780606587229 0.0006915647849645315 0.0006695451566928496 0.0008638039684721745 0.0008327956678323055 0.0007610527851716196 0.0008195558290515618
118 1180 0.0024110557393705176 0 0 0.0007930944498101026 0.0006516630118257922 0.0006578657285420225 0.0006052673262633276 0.0007655864291550381 0.0007443120439644934 0.0006969441098376343 0.0007566356807065819
119 1190 0.002161068556943785 0 0 0.0007005162595202374 0.0005651969334413147 0.0005910282439454619 0.0005346351101519311 0.000677460263758522 0.0006643379240549073 0.0006119285524394288 0.0006389898587940613
120 1200 0.0019360633476396643 0 0 0.0006162672082787182 0.000500752513961328 0.000507476698369152 0.0004726733802414673 0.0005839180200520094 0.0005995025154828586 0.0005407590875353974 0.0005528435135957065
121 1210 0.0018330218493100544 0 0 0.0005733032368578195 0.000467341106671592 0.00047503633834831873 0.00043399285453815515 0.0005244414339755059 0.0005595390231123515 0.0005158448429267953 0.0005360035313308202
122 1220 0.0015861825755195552 0 0 0.0004691509768586642 0.00039652259781470503 0.00041438385623637466 0.00037625767585436007 0.0004525417601379463 0.00047187202388228767 0.00043169176895547064 0.00045750444799391103
123 1230 0.0015207391169112668 0 0 0.0004460686123979902 0.00038104243069357824 0.00038980025273592224 0.0003605102351638477 0.00042516047849419045 0.00044158339659420876 0.0004083398573403188 0.00043034233800044627
124 1240 0.0013916931041591423 0 0 0.00040596911806892313 0.00034552001395191133 0.00035488541147587365 0.0003286599704057573 0.0003750465506726492 0.0003955615642773138 0.00036531607138161435 0.00039276329729927295
125 1250 0.0012077352272927184 0 0 0.0003568342146062466 0.0002902775178911075 0.0003037963588649749 0.0002754936728057475 0.0003132663278399091 0.0003370680286672286 0.00030950747588156445 0.00032973125361403515
126 1260 0.0011643363779472388 0 0 0.0003301423858640146 0.00027892489421586813 0.00029371837768715303 0.00026097385800412983 0.00029252263171854984 0.0003260559561423463 0.00029661076313006787 0.00031742823677760563
127 1270 0.0011463783843552833 0 0 0.00033137916337506047 0.0002774763768121898 0.0002912736371826281 0.0002491129605509452 0.0002707581851400276 0.0003236302117912554 0.0002869162692055459 0.00030668666686619803
128 1280 0.0010117076724543538 0 0 0.0002897956930104267 0.00024339184720777377 0.00025878032163348467 0.00021951040397738585 0.00023204435419143092 0.00027880045698026103 0.00024480900709208107 0.0002639802194385245
129 1290 0.0009751779807066272 0 0 0.0002758324975109765 0.0002318427567114661 0.00023744181857369564 0.00021330389127467285 0.00021677933122779991 0.0002634126853881462 0.00023349461817851114 0.00026301161935612304
130 1300 0.0009593434782259843 0 0 0.0002596676693553742 0.00022300877205001264 0.00023884520687463383 0.0002090398322215242 0.00021253449955235465 0.000244914525002583 0.00022978681343014816 0.00026199745074353915
131 1310 0.0008407391471581284 0 0 0.0002287389323830154 0.00019481139467016032 0.0002006730620748194 0.00017521577860272303 0.00017779552380428707 0.00021838116344494757 0.00019775904083248075 0.00022563317298861861
132 1320 0.0007717267330919321 0 0 0.00020698850449916243 0.00018012537750307513 0.0001764352001322611 0.00016555601336820707 0.00016673994374725716 0.00019241024461198286 0.00017419178023285974 0.00020201925057255511
133 1330 0.0007449900093420654 0 0 0.00019799091851712338 0.00016591821031979297 0.0001760960224081099 0.0001621396538905765 0.00016087435237838494 0.00018370901366652887 0.00016642712301613168 0.00018814079068905215
134 1340 0.0007298848387926305 0 0 0.0001854092433719524 0.00015971103425367188 0.00016686866391971315 0.00016309631629020553 0.00016040527135381653 0.00017873943774306017 0.00016089658303461554 0.00018274308272307735
135 1350 0.0006750416322406947 0 0 0.00016345316150560978 0.00014670934123855406 0.00015372330924004284 0.00015187020880050376 0.00013996037195113396 0.00016532196940020387 0.0001482341417337166 0.00016640289090117603
136 1360 0.0006220953627856166 0 0 0.0001476825039531777 0.00013395374025594362 0.000141834383881951 0.0001320587795746172 0.00012966744396286244 0.00015406430626400318 0.00013612162709039703 0.00014734029723269607
137 1370 0.0006010796574708634 0 0 0.0001419214211580151 0.0001287712768877878 0.00013411555122185996 0.0001283678145330951 0.00012543434321256298 0.00014695239789876426 0.0001341888969829392 0.000138510916176678
138 1380 0.0005548918342742862 0 0 0.0001307339750135132 0.00011834022035495483 0.00012191874752405915 0.00011755543137409913 0.0001146059369096089 0.00013356393030070735 0.0001227796151896843 0.0001296924380649697
139 1390 0.00048542162829235053 0 0 0.00011409816497521497 0.00010089096975878669 0.00010411406527499389 0.00010222126123011506 9.795138897630793e-05 0.00011221854566394408 0.00010603478386828633 0.000111828201360208
140 1400 0.0004370484345984989 0 0 0.00010188442363804901 9.129374281163575e-05 8.92370720402283e-05 8.761318377296419e-05 8.858853229052523e-05 9.972313117533263e-05 9.441792068864457e-05 9.910979683071978e-05
141 1410 0.00040903580730066255 0 0 9.29972764875234e-05 8.407930788880121e-05 8.342239489239962e-05 7.994785357028029e-05 8.430542655895206e-05 9.320621712725024e-05 8.733111848760924e-05 9.042579523578685e-05
142 1420 0.000370092919948669 0 0 8.308417160048013e-05 7.45824021232017e-05 7.597889265393647e-05 6.948287072754234e-05 7.740397802324563e-05 8.240687828320011e-05 7.642888886933452e-05 8.3556650888954e-05
143 1430 0.00035488800366705243 0 0 7.802609290479872e-05 6.94809963068762e-05 7.067646736482032e-05 6.392952690005098e-05 7.229431537154958e-05 8.257894748197226e-05 7.201621795936086e-05 7.982594566592129e-05
144 1440 0.0003024659886077882 0 0 6.604567310997888e-05 5.8260986599462576e-05 5.893367611122865e-05 5.3409046956388244e-05 6.111062970782968e-05 6.815980687717275e-05 5.8584828860941715e-05 6.729479358863789e-05
145 1450 0.0002808434034884595 0 0 6.078068121686972e-05 5.473635196180914e-05 5.451213232752095e-05 4.92292973143126e-05 5.558061920386564e-05 5.939670471753632e-05 5.257824161962322e-05 6.220103926529071e-05
146 1460 0.0002684734078931708 0 0 5.740098543095718e-05 5.089421782392508e-05 4.962020705379742e-05 4.6587463284498146e-05 5.4301669318817906e-05 5.6562642591771506e-05 5.038066289746696e-05 5.820352424690611e-05
147 1470 0.00024430482322318855 0 0 4.665825623387176e-05 4.588566938688214e-05 4.492765137878434e-05 4.222207024537583e-05 4.980602062405166e-05 5.00736987452067e-05 4.606891024252207e-05 5.276000651433267e-05
148 1480 0.0002305256777971344 0 0 4.3866352677232114e-05 4.3858692714137475e-05 4.3121638717393655e-05 3.7693263306785284e-05 4.531877511849009e-05 4.7246320045011734e-05 4.19288175902084e-05 4.91857241710191e-05
149 1490 0.00020893456986958512 0 0 3.964539472024916e-05 3.689605433171945e-05 3.857340725373838e-05 3.298883548927601e-05 4.0792721571728426e-05 4.220539925714427e-05 3.7719251349105174e-05 4.489383988533305e-05
150 1500 0.0001881270760351298 0 0 3.51430983771709e-05 3.260298751352079e-05 3.5296655246225567e-05 2.9090136158810963e-05 3.478004009266811e-05 3.743239735892625e-05 3.279400814008644e-05 3.89208704542022e-05
151 1510 0.00017570453791788035 0 0 3.205193493576436e-05 2.9121570962760708e-05 3.368517582341164e-05 2.6199817972758545e-05 3.2849550169998436e-05 3.539969731697522e-05 3.0224641249334384e-05 3.5493812164918814e-05
152 1520 0.00015792038483344338 0 0 2.8848046562843407e-05 2.60681276884978e-05 2.940396040375048e-05 2.3581127114612086e-05 2.876698039578616e-05 3.046492975907423e-05 2.7089895979065308e-05 3.132758663048784e-05
153 1530 0.00014418112429373997 0 0 2.7193305157691883e-05 2.395023836327832e-05 2.4896092523163847e-05 2.1812411633408204e-05 2.6443980501909686e-05 2.7118861992204995e-05 2.4673408348606698e-05 2.658282127289678e-05
154 1540 0.00013323628443918703 0 0 2.4737091530869883e-05 2.0360795133148324e-05 2.398134911714019e-05 2.0239985033941818e-05 2.46437860875851e-05 2.49279807810854e-05 2.258063985541399e-05 2.378231256235277e-05
155 1550 0.0001243049017955351 0 0 2.319859953770388e-05 1.8507066481909527e-05 2.185702131796412e-05 1.8439087211056096e-05 2.233037896942135e-05 2.306812341278222e-05 2.089501153008536e-05 2.2076670332861207e-05
156 1560 0.00011354813603368318 0 0 2.0163842733284987e-05 1.6398325334224673e-05 2.0140087162873528e-05 1.6821424406469445e-05 1.998526136338363e-05 2.039658875185565e-05 1.9406828960824765e-05 1.9356916838436753e-05
157 1570 0.0001050140737435505 0 0 1.8775469211745547e-05 1.5190323329028978e-05 1.736151864729537e-05 1.534785952333529e-05 1.817088917404237e-05 1.8593863819415398e-05 1.8219798966872042e-05 1.8058492222285916e-05
158 1580 0.00010124588555065721 0 0 1.8023961233451827e-05 1.438209209829805e-05 1.6013604089187802e-05 1.4665765332143967e-05 1.7157852561822594e-05 1.7468125812482526e-05 1.78704572347498e-05 1.677295990235341e-05
159 1590 9.56623924108125e-05 0 0 1.7101803694010846e-05 1.3843610421033722e-05 1.5222305629762647e-05 1.3509750105631987e-05 1.58381623330046e-05 1.5977773891998624e-05 1.672437409311044e-05 1.543428021884848e-05
160 1600 8.886704289637817e-05 0 0 1.5635661611326585e-05 1.3070171229232331e-05 1.3948688485206742e-05 1.2433614619195478e-05 1.4096200067567531e-05 1.4413472283478377e-05 1.5322306006486755e-05 1.4211756400425559e-05
161 1610 7.83702624975242e-05 0 0 1.3739190081372027e-05 1.1613148313139136e-05 1.2016181286737714e-05 1.1093379660262854e-05 1.1781386995815295e-05 1.2195414016042997e-05 1.3637136809749849e-05 1.2516013716232084e-05
162 1620 7.900386710283566e-05 0 0 1.3939788276466105e-05 1.1475083596037329e-05 1.1881933999519534e-05 1.0993057092404802e-05 1.2785045057909334e-05 1.2203490174635163e-05 1.3476422603098025e-05 1.2380817632791874e-05
163 1630 7.496218401349172e-05 0 0 1.2949359074521884e-05 1.0855408323550024e-05 1.0953857003544597e-05 1.0149693430597889e-05 1.2280924757302773e-05 1.1674233013757519e-05 1.2263847636688491e-05 1.1625717683409043e-05
164 1640 6.592536386946581e-05 0 0 1.1099966158068687e-05 9.399041211688617e-06 9.620958657209735e-06 8.855256481294018e-06 1.096571628877282e-05 9.872925331028426e-06 1.0841432566373363e-05 1.0104113475946228e-05
165 1650 5.91292683583626e-05 0 0 9.71661868439557e-06 8.527770213851954e-06 8.344825865127845e-06 7.977282943965065e-06 9.674405802586522e-06 8.65128112234702e-06 9.084354022607441e-06 8.926422925504377e-06
166 1660 5.418439328631196e-05 0 0 8.762329647722295e-06 7.730092855745796e-06 7.34423506752882e-06 6.7752848397073055e-06 8.637651823656064e-06 7.848701805946018e-06 8.295352463324153e-06 8.17702325219144e-06
167 1670 4.4219329576767696e-05 0 0 7.2625830562527505e-06 6.233633953010347e-06 5.85760395802767e-06 5.505932207094582e-06 6.459665181283332e-06 6.377362753409676e-06 6.700517623537465e-06 6.354980723725212e-06
168 1680 3.87027537721228e-05 0 0 6.1953912498289225e-06 5.468320577033895e-06 4.754415565449673e-06 4.803737580962558e-06 5.62081147648011e-06 5.5388918721708175e-06 5.820367386591777e-06 5.582101931062942e-06
169 1690 3.49010212339268e-05 0 0 5.3554445496681186e-06 5.1446687955005055e-06 4.225446006460849e-06 4.397062234195472e-06 4.877161080344586e-06 4.851059614822564e-06 5.2346642380205085e-06 4.830873157792879e-06
170 1700 3.066691524985395e-05 0 0 4.599002739703191e-06 4.329711648653975e-06 3.7265808826536807e-06 3.7953097493463814e-06 4.250157590408776e-06 4.162574856743453e-06 4.522609891216995e-06 4.0837222359008965e-06
171 1710 2.6631246976794203e-05 0 0 3.827887866229223e-06 3.7528942603575555e-06 3.111209147050495e-06 3.175342970103946e-06 3.5031992688458794e-06 3.5605362200409288e-06 3.851956675240316e-06 3.5273505344696813e-06
172 1720 2.4477469873124627e-05 0 0 3.406105938348175e-06 3.3992139887770976e-06 2.901891639699944e-06 2.8813722271432555e-06 3.235279695350921e-06 3.148467375997701e-06 3.542254207075007e-06 3.186100315708529e-06
173 1730 2.3260707410322768e-05 0 0 3.315797974323562e-06 3.111006535969241e-06 2.6050774497444917e-06 2.7242479466049164e-06 2.938685319453611e-06 2.975218958960194e-06 3.3541827608630166e-06 3.0427076660850105e-06
174 1740 1.9953767933487335e-05 0 0 2.7482218065022053e-06 2.6677825973046582e-06 2.2311378010517604e-06 2.3549461305086703e-06 2.5219834026039716e-06 2.5844015230633186e-06 2.7186181850084783e-06 2.5717402399773945e-06
175 1750 1.870246725632745e-05 0 0 2.5402957326380596e-06 2.484441975517067e-06 2.0843416266596296e-06 2.1758035369286083e-06 2.324952254983965e-06 2.3211547098137236e-06 2.494858953837044e-06 2.436647709460289e-06
176 1760 1.7308526376532657e-05 0 0 2.347196369417071e-06 2.2587768934514726e-06 1.915155655301785e-06 1.9898675714690237e-06 2.0919904333374892e-06 2.1094933762574662e-06 2.2709489408360315e-06 2.2490641975230867e-06
177 1770 1.5516627286832607e-05 0 0 2.015310545333416e-06 2.003713330354046e-06 1.7200837830195861e-06 1.7641786184010857e-06 1.842137338400175e-06 1.8584980166536285e-06 1.952372049323358e-06 1.9244564148263357e-06
178 1780 1.3175633243584012e-05 0 0 1.70252284853094e-06 1.6871439265473914e-06 1.387481845790079e-06 1.5036277786260203e-06 1.5576091721404139e-06 1.5189855375567994e-06 1.6030410610180688e-06 1.5812498033024241e-06
179 1790 1.217192769476063e-05 0 0 1.5291791702734643e-06 1.5509753066669921e-06 1.288023938984304e-06 1.3832276794510424e-06 1.4758105446311287e-06 1.3497908394794807e-06 1.434470241341337e-06 1.3568762710497756e-06
180 1800 1.06423250062973e-05 0 0 1.3364758784154968e-06 1.359883965894131e-06 1.104893886344611e-06 1.1457580545255998e-06 1.292000929849945e-06 1.138688411119964e-06 1.1975547526346942e-06 1.1793369807019324e-06
181 1810 9.784331708865245e-06 0 0 1.1706293618413696e-06 1.2645974392227005e-06 1.0104877701237513e-06 1.0412726894333e-06 1.1996834269000048e-06 1.0237974405958814e-06 1.0445558438375387e-06 1.0765398008327293e-06
182 1820 9.11694029458055e-06 0 0 1.1011250061940387e-06 1.1463913951054437e-06 9.179182470250899e-07 9.840852273545876e-07 1.0842128282342238e-06 9.325572035593163e-07 9.384327756123388e-07 1.0073030055408556e-06
183 1830 8.76469105253038e-06 0 0 1.0055935599072337e-06 1.101642619349829e-06 8.702144543145894e-07 9.291894449708927e-07 1.0229722095437277e-06 8.863952162955972e-07 8.965683883993915e-07 9.970767448231543e-07
184 1840 8.414606405808412e-06 0 0 9.629766097982213e-07 1.0318082309096166e-06 8.431084638259281e-07 8.67845328436045e-07 9.758649675120557e-07 8.462497926910577e-07 8.93143378231444e-07 9.49379408060685e-07
185 1850 7.246629272376473e-06 0 0 8.311869943241232e-07 8.97769912042655e-07 7.225666209865651e-07 7.484198929213207e-07 7.888343945320941e-07 6.990630038565369e-07 7.454366351152051e-07 8.115997145002128e-07
186 1860 7.101062960005175e-06 0 0 7.906672541703859e-07 8.636554181384753e-07 7.062950776705821e-07 7.27806607017916e-07 7.304097852837944e-07 6.786023079534861e-07 7.577380489592661e-07 7.828943362363739e-07
187 1870 6.620996338485874e-06 0 0 6.933384995858117e-07 8.061513324320713e-07 6.474151838334958e-07 6.855653297028662e-07 6.805347256001916e-07 6.234417508658255e-07 6.977137732068233e-07 7.277436503958115e-07
188 1880 5.683755817974944e-06 0 0 5.832286782792954e-07 6.821067072832551e-07 5.488784888463927e-07 5.706258106626168e-07 5.664962135374549e-07 5.215402439606255e-07 5.942670372605239e-07 6.057044626977747e-07
189 1890 5.581322529944034e-06 0 0 5.575111113856003e-07 6.738707836843086e-07 5.195241885053757e-07 5.649495615837603e-07 5.433394237271378e-07 5.291078389856774e-07 5.556859392474679e-07 6.183969354334536e-07
190 1900 5.202275974413085e-06 0 0 5.182075051652173e-07 6.137008182115855e-07 4.965228179460684e-07 5.13918179443077e-07 4.947420057503954e-07 5.067275210864034e-07 5.123102934366307e-07 5.769634426963062e-07
191 1910 4.934696271710456e-06 0 0 4.6265731588146954e-07 5.828051308180371e-07 4.72180652223284e-07 4.822333350911276e-07 4.5531889980317015e-07 4.83303504623992e-07 5.212829098456675e-07 5.437317154294655e-07
192 1920 4.341958426125334e-06 0 0 3.816366924293805e-07 5.041754833737852e-07 4.054529424165086e-07 4.197361451566526e-07 3.875601111715215e-07 4.2175871053553067e-07 4.574108605987049e-07 4.7550463465465484e-07
193 1930 3.7336055771869066e-06 0 0 3.062190987049096e-07 4.3651407119464815e-07 3.446967927060081e-07 3.5926378615107783e-07 3.243887697876368e-07 3.5666606477161625e-07 3.908827388589376e-07 3.9810500002821634e-07
194 1940 3.5587506599103626e-06 0 0 2.8263632105355545e-07 4.2194693188787124e-07 3.1538688940411075e-07 3.476152082281669e-07 3.293061605345441e-07 3.3253410447213636e-07 3.6522418565720204e-07 3.7280200690127654e-07
195 1950 3.122178703223655e-06 0 0 2.5117181663083e-07 3.586637734472631e-07 2.7196873589162286e-07 3.001517769993733e-07 2.837809102753206e-07 2.914584981823535e-07 3.105099307517288e-07 3.176571139567088e-07
196 1960 2.741996984429462e-06 0 0 2.0965044332986933e-07 3.0715822841263145e-07 2.3494228562423852e-07 2.6326562771772635e-07 2.4609958256478815e-07 2.5854031626833815e-07 2.5766091862759587e-07 2.7546613643870513e-07
197 1970 2.411428604774312e-06 0 0 1.8369790783383886e-07 2.5719830970356426e-07 2.0768239297481394e-07 2.247988175759234e-07 2.1588072068629025e-07 2.2694851965195322e-07 2.2622038118904534e-07 2.33285320129154e-07
198 1980 2.093016665635905e-06 0 0 1.567724098153985e-07 2.2158059318376495e-07 1.7881415500905715e-07 1.9147978415340333e-07 1.8003886788876574e-07 1.9040445661040201e-07 1.9284915929184412e-07 1.9742657025944258e-07
199 1990 1.8686350425942741e-06 0 0 1.371403904136339e-07 1.9401421466662828e-07 1.5575687281873307e-07 1.675925684392306e-07 1.6686017908095397e-07 1.6774397318318827e-07 1.6685416017488678e-07 1.7060569890080197e-07
200 2000 1.7396736811534489e-06 0 0 1.3063643850319563e-07 1.7963594423562248e-07 1.4325650707775395e-07 1.5194539762173194e-07 1.5621992695059247e-07 1.5137516455567543e-07 1.4952767754443488e-07 1.5358937448487286e-07
201 2010 1.5618266876497079e-06 0 0 1.1841364801786809e-07 1.6144803050493318e-07 1.277662908906435e-07 1.3353062841113013e-07 1.355005597404096e-07 1.313188262071855e-07 1.403756460896128e-07 1.366396543290881e-07
202 2020 1.3051420687598838e-06 0 0 9.940306888190907e-08 1.3512840500333472e-07 9.799155707069497e-08 1.1016615890132105e-07 1.1064445067450029e-07 1.0864574858559883e-07 1.1823276721074438e-07 1.1166103409545381e-07
203 2030 1.1936622251362397e-06 0 0 9.038174038882798e-08 1.2182274725277242e-07 9.003936583664508e-08 1.0085812531028607e-07 9.963054622897977e-08 9.44123758317685e-08 1.049262148003162e-07 1.0232897345601877e-07
204 2040 1.2069285171289494e-06 0 0 9.378377586948752e-08 1.1840702998547586e-07 9.066701156577402e-08 1.011600460306805e-07 1.0056202046893842e-07 9.462210232835094e-08 1.0618660324396742e-07 9.909011439459379e-08
205 2050 1.1837953668574188e-06 0 0 9.193231934769786e-08 1.1204486209842065e-07 8.987923542353963e-08 9.916838339334135e-08 9.93543340951901e-08 9.297109473719211e-08 9.996418001788642e-08 9.565164811138223e-08
206 2060 1.2224858141869837e-06 0 0 9.182174993133447e-08 1.1399004256867619e-07 9.75790389523734e-08 1.0147601533961598e-07 1.0287204259525863e-07 9.22166747495246e-08 1.0143255772189922e-07 9.414342611197802e-08
207 2070 1.2824308604033513e-06 0 0 9.416350592994258e-08 1.194755026486839e-07 1.0954884332705187e-07 1.0584015489136918e-07 1.0537904824813267e-07 9.589475176863374e-08 1.0345016851990827e-07 9.616013841074891e-08
208 2080 1.127332573150393e-06 0 0 8.261601946396073e-08 1.0297491601287754e-07 9.352765290680659e-08 8.996469194257528e-08 9.08291467687036e-08 8.124336454972981e-08 8.933807295879949e-08 8.356342206150976e-08
209 2090 1.0647299930834933e-06 0 0 8.02800997708875e-08 9.490005698165248e-08 8.777068852551234e-08 8.143768550296476e-08 8.368846123753373e-08 7.488281482264041e-08 8.340012227569545e-08 7.779425088937723e-08
210 2100 9.937866332951391e-07 0 0 7.616614691290047e-08 8.430690164566485e-08 8.052546678732299e-08 7.733920141138977e-08 7.741968625990634e-08 6.883197534995568e-08 7.711162958563497e-08 7.360369551820346e-08
211 2110 1.0103953312538266e-06 0 0 7.309335145988571e-08 8.868599973333517e-08 8.187688273074337e-08 7.439197373169512e-08 8.018672341067391e-08 7.008790766911997e-08 7.581391611891238e-08 7.897614641520485e-08
212 2120 9.264082974812582e-07 0 0 6.901908741660226e-08 7.876620637979332e-08 7.368442693151805e-08 6.581251270902972e-08 7.383359668349909e-08 6.308094764766885e-08 6.809995949464513e-08 7.269801155239982e-08
213 2130 8.123042342730985e-07 0 0 6.073834214217016e-08 6.748183630936728e-08 6.435149482067832e-08 5.445957985896682e-08 6.552077120826988e-08 5.448990535562269e-08 5.7440813764335064e-08 6.348341481778637e-08
214 2140 7.443835301341384e-07 0 0 5.538924257455599e-08 6.043008441630657e-08 5.971856171145659e-08 4.745728047808817e-08 5.990372451638797e-08 4.7954618814196265e-08 5.1757072637597647e-08 5.5300870801640946e-08
215 2150 6.635511877014045e-07 0 0 4.760430424426369e-08 5.30950853855701e-08 5.3967216742691424e-08 4.274493901819982e-08 5.1430904756092415e-08 4.2835914858791346e-08 4.311366499241934e-08 4.925561395375767e-08
216 2160 6.77404684605254e-07 0 0 4.85133976544779e-08 5.275090613284613e-08 5.456182533517159e-08 4.356931980956364e-08 5.259489576794019e-08 4.1965834384980915e-08 4.362536295314135e-08 5.051134195726002e-08
217 2170 6.972168874416633e-07 0 0 5.147632098112725e-08 5.319352434338594e-08 5.479186770596448e-08 4.4382523709329495e-08 5.3130316320842595e-08 4.079692197420377e-08 4.5505568654315977e-08 5.160338195625976e-08
218 2180 6.75888904198661e-07 0 0 4.9238761924001026e-08 5.076371673882072e-08 5.080359362661175e-08 4.339373092951555e-08 5.150138158931209e-08 3.8459962268587394e-08 4.356771912296787e-08 4.9075894540062174e-08
219 2190 6.572440516134986e-07 0 0 4.679354608703299e-08 4.8964181158457354e-08 4.9011485875713404e-08 4.254011985650443e-08 4.9805501497150086e-08 3.572063509237373e-08 4.2056598382642933e-08 4.730192173877144e-08
220 2200 6.746832454021188e-07 0 0 4.853924049335623e-08 4.919157129898789e-08 4.985338672639187e-08 4.296732527332901e-08 4.997375787760791e-08 3.6404364064303595e-08 4.5169004425169426e-08 4.657587165183521e-08
221 2210 6.188197203789009e-07 0 0 4.324005293159967e-08 4.4841263201385874e-08 4.552722648388751e-08 3.905004996725391e-08 4.4849501633887566e-08 3.212780906139901e-08 4.157567111746027e-08 4.1478997616855065e-08
222 2220 5.720334394441308e-07 0 0 4.0713306498695075e-08 3.9696189274761604e-08 4.131709196782001e-08 3.600066416678188e-08 4.141813978597178e-08 2.943000462299346e-08 3.6239441960936356e-08 3.810290280029491e-08
223 2230 5.184394916489836e-07 0 0 3.604489657881985e-08 3.5573313588413963e-08 3.657777987481801e-08 3.1879679671823545e-08 3.781995732883752e-08 2.571699943488239e-08 3.338685891547594e-08 3.457817377858583e-08
224 2240 4.923868038426083e-07 0 0 3.396223432790242e-08 3.344773257567711e-08 3.3808246032625935e-08 2.899034648442155e-08 3.5548669802097565e-08 2.546614831992946e-08 3.131440723761842e-08 3.306082880061827e-08
225 2250 4.6112230066377194e-07 0 0 2.991244523187672e-08 3.037422571636662e-08 3.205667626043486e-08 2.6772891780999347e-08 3.307934879386846e-08 2.373384797531272e-08 2.915243808498953e-08 3.084427236580052e-08
226 2260 3.945812664561263e-07 0 0 2.45668067040511e-08 2.585681509697284e-08 2.7151897491586534e-08 2.2667862487781827e-08 2.756376821598145e-08 1.9964862159109646e-08 2.4429009973110032e-08 2.568833876654117e-08
227 2270 3.6415650101187187e-07 0 0 2.2399460340473395e-08 2.3898976507623097e-08 2.494802743970141e-08 2.0043256430870587e-08 2.545342026901067e-08 1.7546083900242274e-08 2.185461173072363e-08 2.361588053948479e-08
228 2280 3.3221276401635234e-07 0 0 2.107782232186667e-08 2.1895485194358705e-08 2.1823060563360798e-08 1.8274818192372572e-08 2.238094469279736e-08 1.5889530016538213e-08 1.937161244096971e-08 2.088380073135618e-08
229 2290 3.2546651190701083e-07 0 0 2.0610928444541762e-08 2.1539626850506047e-08 2.0938340088135364e-08 1.725731935755429e-08 2.2011704648286864e-08 1.5835851452101664e-08 1.837048068527036e-08 1.9533317412966012e-08
230 2300 2.991104130626943e-07 0 0 1.8786455801571352e-08 1.9646582119485405e-08 1.828255653636944e-08 1.6135958936374117e-08 1.9741001571795062e-08 1.4355493643778504e-08 1.6032476390925842e-08 1.7851428174920185e-08
231 2310 2.846074519023905e-07 0 0 1.7170627011327443e-08 1.8393292514287547e-08 1.7444633093158894e-08 1.5371170785376586e-08 1.7968988992528458e-08 1.3441168843675489e-08 1.5375796270240832e-08 1.739552370095015e-08
232 2320 2.4702755626514517e-07 0 0 1.4841255181076287e-08 1.5624539476313448e-08 1.4204021549173563e-08 1.3300237850028977e-08 1.5415524548953094e-08 1.1717904619261452e-08 1.33323762162765e-08 1.4512399375610675e-08
233 2330 2.4728339051031267e-07 0 0 1.4605775811636287e-08 1.5718586482292623e-08 1.4629632255467469e-08 1.318635431787034e-08 1.5373457554174202e-08 1.1751857700187296e-08 1.3104611885265823e-08 1.4006148149058725e-08
234 2340 2.5910928169683525e-07 0 0 1.5110265726583905e-08 1.630531299865655e-08 1.5298954330344817e-08 1.4254066050724144e-08 1.6233372604084472e-08 1.1809782961270047e-08 1.3408155252368275e-08 1.564441263771767e-08
235 2350 2.3729230221035914e-07 0 0 1.3127177607296565e-08 1.4872143010604426e-08 1.370729709960486e-08 1.2801028118553417e-08 1.4667005388158218e-08 1.0838888124875529e-08 1.1854375699976788e-08 1.385116489572102e-08
236 2360 2.155739856774822e-07 0 0 1.138068013177408e-08 1.3631271682099716e-08 1.2689491916634332e-08 1.1285726765763391e-08 1.3279973339694737e-08 9.48817608191421e-09 1.0844130873054505e-08 1.2545453264926428e-08
237 2370 2.2367535866177093e-07 0 0 1.2195582013310242e-08 1.399275728751404e-08 1.3140690541235174e-08 1.1636104443567119e-08 1.3701496676332246e-08 1.0045957324608009e-08 1.0425253115239873e-08 1.3139359014263818e-08
238 2380 1.912773837992773e-07 0 0 1.0314127369983662e-08 1.1708261791588467e-08 1.1108770874564453e-08 9.724366769661405e-09 1.1553049709048372e-08 8.375781885690593e-09 8.75441211388819e-09 1.0959721793316413e-08
239 2390 1.7526443276397716e-07 0 0 9.672915523023015e-09 1.0462316977478135e-08 9.955606733504933e-09 8.439920851262536e-09 1.0579419735109845e-08 7.476782411826095e-09 7.751941084328013e-09 9.95086107065545e-09
240 2400 1.5364453629178756e-07 0 0 8.359115916759205e-09 8.958755002850453e-09 8.410964338705134e-09 7.373109976914377e-09 9.326391072783486e-09 6.321653749146261e-09 6.480493996617489e-09 8.484358466524381e-09
241 2410 1.3278493522826284e-07 0 0 6.9625967920326565e-09 7.472055761631176e-09 7.128556934427418e-09 6.207485407549948e-09 7.787415155948634e-09 5.534283346662571e-09 5.471467451177494e-09 7.215648144536011e-09
242 2420 1.257458201660601e-07 0 0 6.152570921679234e-09 6.970025167312835e-09 6.753163147146067e-09 5.814617133591526e-09 7.349082368434197e-09 5.453463257045159e-09 5.107193539010708e-09 6.674658086025975e-09
243 2430 1.1610175401853725e-07 0 0 5.555743599803129e-09 6.535179909747435e-09 6.072393044919528e-09 5.307854755230619e-09 6.5428091406864325e-09 5.12207714625088e-09 4.640192536551366e-09 6.030731327076801e-09
244 2440 1.066529580486521e-07 0 0 5.1308621031711115e-09 5.805354327709581e-09 5.5243761411264005e-09 4.820988800833549e-09 5.876636922768963e-09 4.774864715186049e-09 4.284658162813195e-09 5.459312094307013e-09
