% # columns="iteration, evaluation, sigma, max axis length,  min axis length, all principle axes lengths  (sorted square roots of eigenvalues of C)", seed=271117, Mon Jul  9 19:00:10 2018
1 10 0.4512276216243093 1.0000437509570452 1.0 1.0 1.0000062500195313 1.0000125000781253 1.0000187501757822 1.0000250003125026 1.0000312504882864 1.0000375007031337 1.0000437509570452
2 20 0.41108722269146086 1.055245058757672 0.9126290889680747 0.9126290889680747 0.9461400912602754 0.9746333698620273 0.9880319963568672 0.9999719670763045 1.008209274162645 1.0275837363746627 1.055245058757672
3 30 0.4282821575157191 1.1297351126983475 0.8701642997783597 0.8701642997783597 0.9020419836562305 0.9539372759405964 0.9647433435179524 0.998314377169666 1.0187390560970702 1.0472957615457403 1.1297351126983475
4 40 0.44312022552948305 1.138517459102028 0.8471216272911215 0.8471216272911215 0.8987483407817856 0.9396856170680157 0.96173117968609 0.9868249600593683 1.0744595536040613 1.0983843050209579 1.138517459102028
5 50 0.4614080293578237 1.1871385763036155 0.8025141165826893 0.8025141165826893 0.897661812091214 0.9267829964767248 0.9685665780597476 0.9741362235681825 1.064929532799005 1.0838332742773398 1.1871385763036155
6 60 0.4612850942189602 1.1954589561895663 0.7965258049742934 0.7965258049742934 0.8598671535709629 0.9125154755525771 0.9537075217491451 1.0056727361211049 1.0826377682349362 1.0933080463507816 1.1954589561895663
7 70 0.49136043113118855 1.2039884815892956 0.7553284259090015 0.7553284259090015 0.842079813956539 0.9122240831925487 0.9602968457596357 0.9817181626799669 1.0780497393602486 1.1289521472033133 1.2039884815892956
8 80 0.49372780167452907 1.2339907778733246 0.7344662461515089 0.7344662461515089 0.8030686493950422 0.9197115002342419 0.9417447274922461 0.9894156880157499 1.0977511113028506 1.1719507305319892 1.2339907778733246
9 90 0.5054478882944374 1.2690409612804447 0.7380530976434488 0.7380530976434488 0.7985809757918123 0.8985415238860576 0.9317507492462669 0.9492332452940067 1.0928967898971607 1.1841669704005375 1.2690409612804447
10 100 0.525638281968085 1.3003193462930058 0.7277221796873078 0.7277221796873078 0.787030171826556 0.8996480175796812 0.9403223415603947 0.9576358576575638 1.0934110915345696 1.129236655324504 1.3003193462930058
11 110 0.5412107466386046 1.301060467636895 0.7152934661169961 0.7152934661169961 0.7882081346187164 0.8857956784502435 0.9179361683343831 0.9626651108489392 1.1101689890946154 1.1576520787211642 1.301060467636895
12 120 0.47072298908189947 1.2737559147875621 0.7225839687405246 0.7225839687405246 0.7641045778099307 0.8748712568179781 0.9009863613673952 1.0359469152653458 1.1239520196571124 1.137150544002232 1.2737559147875621
13 130 0.4401374315031267 1.3109979780697119 0.7085776659445585 0.7085776659445585 0.7444280054171301 0.8847197071096188 0.9150814568199422 1.0153448651825088 1.0916284546578163 1.1542540762286118 1.3109979780697119
14 140 0.4415798093299431 1.3042378690468213 0.6799832600372142 0.6799832600372142 0.7666607980922588 0.8694932626608002 0.9277157362719897 1.0028645373687066 1.0660810223391435 1.1585552735660445 1.3042378690468213
15 150 0.45960081111715667 1.3631515941680137 0.6927965354807681 0.6927965354807681 0.7685782398431864 0.834480757116274 0.8967176960661131 0.9850194286379559 1.0608052047127854 1.1511618186732377 1.3631515941680137
16 160 0.47793004501492875 1.4475914326281953 0.6856499120551004 0.6856499120551004 0.7306787028082004 0.8163694074138143 0.89242621729083 0.9843380534876609 1.0395374605794632 1.1497074123450042 1.4475914326281953
17 170 0.4581637856660385 1.4932700450588392 0.6555020709035047 0.6555020709035047 0.7255915236028985 0.7940271477904796 0.8860988515097499 0.9760991585673997 1.0330823645269223 1.1727522118656006 1.4932700450588392
18 180 0.45253120830601473 1.489244388165804 0.6053264322767415 0.6053264322767415 0.7103894875511304 0.8136989356979397 0.8901143824555912 1.0006042366471652 1.0484285141636667 1.1278680774321475 1.489244388165804
19 190 0.46400512900844326 1.486028030968004 0.6121867610278556 0.6121867610278556 0.6608844051727217 0.8529405320737767 0.8991266942184281 1.001587390068408 1.080658835698184 1.1021332492391183 1.486028030968004
20 200 0.44617026035584867 1.4952261362015178 0.5858713885013499 0.5858713885013499 0.6710298349243194 0.8581434828404261 0.885190535477659 0.9960526256792197 1.0700410466813561 1.132272215514862 1.4952261362015178
21 210 0.4591734150839598 1.4598704844961405 0.5510601878712083 0.5510601878712083 0.6711763265124675 0.8460454247466261 0.8661161794779418 1.0413171376438208 1.0811404637287243 1.161475800197123 1.4598704844961405
22 220 0.4889878692413234 1.4732408777133355 0.5439002100679767 0.5439002100679767 0.6328086028196985 0.8289247384985206 0.8684556946245054 1.0085329387140896 1.1016400829946273 1.2280358132151532 1.4732408777133355
23 230 0.5009623037961446 1.4528220131730178 0.5360060647805278 0.5360060647805278 0.6332227985418727 0.8396612034396767 0.8513999073239074 0.9986853485697529 1.0875973367364782 1.317063908794213 1.4528220131730178
24 240 0.5199594156805 1.5157652963654944 0.5261434873918185 0.5261434873918185 0.6229449939234101 0.8276340712797162 0.8940024270400235 0.9969182884618402 1.0579150720869968 1.3047509807504032 1.5157652963654944
25 250 0.49477800002295896 1.4935863243763892 0.5452843382782138 0.5452843382782138 0.628525919456564 0.8303249537624935 0.8732447417732208 1.0315818662514311 1.046633432594436 1.2550029604677526 1.4935863243763892
26 260 0.4938700996972661 1.475592755832028 0.5253595250658479 0.5253595250658479 0.6175700511847185 0.8014758135118217 0.8573288529688128 1.0304475401237252 1.0517848177147044 1.2186969079034025 1.475592755832028
27 270 0.5047442551009194 1.432449455877966 0.5364798046475823 0.5364798046475823 0.6092615447899782 0.7924150115748745 0.8679966095057103 0.9882864141772485 1.0462060691844808 1.2581595918719894 1.432449455877966
28 280 0.5060991875645917 1.4910179745781469 0.5265742841642124 0.5265742841642124 0.5924586931897646 0.8067234133032828 0.8757954421773386 0.972533587004422 1.036559847484489 1.269728714410158 1.4910179745781469
29 290 0.46878104929393066 1.511590426282731 0.519690497752036 0.519690497752036 0.5940805923313898 0.782053631431916 0.8659243218978268 0.9726958364521918 1.0421391480971214 1.2687801349139598 1.511590426282731
30 300 0.4212233869392339 1.513901683853282 0.511902583943495 0.511902583943495 0.5859546613494647 0.7780862232308267 0.8613371558748802 0.9691955900066018 1.0270354782662074 1.2168986248422755 1.513901683853282
31 310 0.4612056237678385 1.5352365775940093 0.4869991756215653 0.4869991756215653 0.5674930132492809 0.7563868246289687 0.8748138164403029 0.9534043089136303 0.9928478202390943 1.236503370787515 1.5352365775940093
32 320 0.5128734708787125 1.525750633071827 0.49169469897771984 0.49169469897771984 0.5501221913431192 0.7499584291348453 0.8460379984775502 0.9618474744716176 1.0114021647453557 1.3533773723318046 1.525750633071827
33 330 0.5107396935126319 1.592794448376846 0.4719987910813777 0.4719987910813777 0.541805101121234 0.7488207317700838 0.8313659517744884 0.921995970270575 0.9737170509577777 1.4766540833391772 1.592794448376846
34 340 0.4829380917731945 1.6254408836190821 0.44941236230537945 0.44941236230537945 0.5495369539081971 0.7266122728998654 0.8390073872376295 0.9244494167920997 1.0233913721202539 1.4086764299855339 1.6254408836190821
35 350 0.5029319773070079 1.612272442037986 0.4351527756328152 0.4351527756328152 0.561702581736799 0.7186493299856253 0.7587206575001136 0.9267730051621487 1.0381600317572584 1.4451130465865438 1.612272442037986
36 360 0.48485012408814376 1.5140814954196273 0.4201899049335569 0.4201899049335569 0.5460210166142773 0.7218225051034722 0.7992907837326201 0.9185594769813801 1.0293249699543991 1.4567991647376182 1.5140814954196273
37 370 0.45072504114841067 1.5152392524933989 0.4154604014423584 0.4154604014423584 0.5365193115406562 0.6981595780924871 0.7974613915000072 0.918716652167004 1.0114857770258008 1.4882330908046346 1.5152392524933989
38 380 0.4245144568541908 1.5496117304990977 0.4029123625644987 0.4029123625644987 0.5386103786803128 0.6846451415086031 0.7885777496263219 0.9199478748576622 0.9674030766588746 1.4850598259817671 1.5496117304990977
39 390 0.3696382329817778 1.50091528805339 0.3934987554450632 0.3934987554450632 0.5250409084484062 0.7049456423598305 0.7738152504566953 0.9051014696450411 0.9753713815041725 1.486395322952214 1.50091528805339
40 400 0.3766886497659511 1.493582202846083 0.3912883564926039 0.3912883564926039 0.5206108154316474 0.7010561394807181 0.7762915010259273 0.8804851706287776 0.950357050255087 1.4494608910402553 1.493582202846083
41 410 0.39486153104519917 1.5352736808041727 0.37229314430797145 0.37229314430797145 0.512825661312138 0.7231331943049369 0.7864934741309422 0.8505462025409575 0.9577815358907132 1.405697152002501 1.5352736808041727
42 420 0.38020822837634505 1.5178448629843126 0.37347379906741385 0.37347379906741385 0.5076885764968911 0.753646321049216 0.7824904172991355 0.8736965709022899 0.929799503209809 1.3414864579815686 1.5178448629843126
43 430 0.40119086130805887 1.4923433702646935 0.36058176293327737 0.36058176293327737 0.5130858964584929 0.7677671867543342 0.7725437671553078 0.85411167366772 0.8929393806767677 1.3184365890146121 1.4923433702646935
44 440 0.36887812273766757 1.5261925900440023 0.35718698123086984 0.35718698123086984 0.4973452743509162 0.7465267748749573 0.7590888912125197 0.8583163140196917 0.928238649258555 1.3198437741702331 1.5261925900440023
45 450 0.32016354709098227 1.5047073719939457 0.34392699866492904 0.34392699866492904 0.495711144735921 0.7052049343665387 0.7497819432488445 0.8526355359225688 0.9369588393213094 1.3364997909495262 1.5047073719939457
46 460 0.30175992269767327 1.523665505925647 0.34160151328883487 0.34160151328883487 0.4851135750569853 0.6983564011925169 0.7403778652838159 0.8180965939382103 0.9136416392943125 1.3028001928238184 1.523665505925647
47 470 0.2691005953225491 1.5195950502765103 0.33780984261169583 0.33780984261169583 0.47688664413546805 0.6992947580500688 0.7399453068245407 0.8066848410628592 0.8801524207622795 1.3023508491423794 1.5195950502765103
48 480 0.250235606146732 1.5213834481807174 0.3333083992616982 0.3333083992616982 0.47747321925127556 0.6991311578827564 0.7017322576500472 0.8040610297526488 0.8648730535248214 1.233203333553196 1.5213834481807174
49 490 0.24645775174504317 1.4999233153088791 0.3387503038584888 0.3387503038584888 0.49017043945688316 0.6621379484263046 0.6836564955940696 0.7803109451399128 0.8537333297026204 1.2347156280566867 1.4999233153088791
50 500 0.24246764993540043 1.4801970905034023 0.3385854715948935 0.3385854715948935 0.509597292104903 0.6681921023062655 0.6937276739538292 0.71003208316732 0.8380035555437663 1.197043231375242 1.4801970905034023
51 510 0.2209819261913725 1.4480056386344182 0.33620289098851075 0.33620289098851075 0.4866962704601587 0.6535979560619959 0.6710539191128029 0.7356366014737521 0.8301265188014176 1.2169218225917464 1.4480056386344182
52 520 0.20608591265400458 1.4237647761362924 0.3318408961432513 0.3318408961432513 0.4871344751067185 0.6409313509841156 0.6757238980816519 0.7262023202921253 0.8164828562525928 1.1450046250336052 1.4237647761362924
53 530 0.18261655345411343 1.3936337354230257 0.330752746578557 0.330752746578557 0.4910835504486421 0.6444382757904079 0.656801799661579 0.7234857209752387 0.7953929781788417 1.0888886530827662 1.3936337354230257
54 540 0.16623314724238514 1.3321299368541106 0.32490298335802004 0.32490298335802004 0.4757768038002617 0.6392952629206694 0.6687382707276253 0.7095051536775371 0.7965262296202529 1.0582113551364387 1.3321299368541106
55 550 0.1480816814348245 1.3056799555965826 0.3161357016319996 0.3161357016319996 0.47683744603928135 0.6264931602539547 0.6538051245504589 0.6983569228801447 0.7865797629812752 1.0359413040960546 1.3056799555965826
56 560 0.1311264403366792 1.2657761290936151 0.3158515461302564 0.3158515461302564 0.47239268423341335 0.6188872120675334 0.6280063804066547 0.6971316632084003 0.7840303599820855 1.015644526869652 1.2657761290936151
57 570 0.1321036920320555 1.2172654281821411 0.3077387583059897 0.3077387583059897 0.474264382457681 0.6130940789271356 0.621663886905013 0.6585356935179529 0.8002724146123475 1.0088038069705458 1.2172654281821411
58 580 0.1203793168875776 1.221328665566588 0.2984821128519787 0.2984821128519787 0.4874891219989765 0.6036875143395711 0.617810887815588 0.6390578004051558 0.7851233924786963 0.9843286570962771 1.221328665566588
59 590 0.11714041007097442 1.171640369871604 0.30159460366303437 0.30159460366303437 0.48436254953188823 0.5757924788852826 0.6194098464428057 0.6404763096880214 0.7730042022941125 0.9634672018943007 1.171640369871604
60 600 0.10755432379960655 1.0962847770761062 0.29955207243708226 0.29955207243708226 0.47103185168390344 0.5689984800930938 0.6151255531810509 0.6468414862004525 0.7778803600770917 0.9523698752330084 1.0962847770761062
61 610 0.09625029309950439 1.0444543018867736 0.288557136938638 0.288557136938638 0.47625767432090765 0.5631415913690427 0.6130591003962814 0.6470592847781781 0.7568800891615307 0.9385946065268926 1.0444543018867736
62 620 0.09099245764519827 1.0115651276695172 0.27456333721822584 0.27456333721822584 0.4766398840405318 0.5426526926790903 0.6108264027644545 0.6395597356667281 0.7444872579696098 0.9319728366354458 1.0115651276695172
63 630 0.09351857785352742 0.9776023507053145 0.2778999780477688 0.2778999780477688 0.4649560616733833 0.5263018883170562 0.5899090715093852 0.6281488353503359 0.741554977493985 0.940602483237382 0.9776023507053145
64 640 0.08857418913436821 0.9583122767455124 0.28019493819438945 0.28019493819438945 0.44779322405818617 0.5164902905088776 0.6092424142903173 0.6380842640646925 0.7440757350532651 0.9071137519851981 0.9583122767455124
65 650 0.08051596536711726 0.9292847564422195 0.28042370306352554 0.28042370306352554 0.4220726381458867 0.5085079992710673 0.6028859788035486 0.6334475231796997 0.744667428121179 0.8930176780578801 0.9292847564422195
66 660 0.07336080382063115 0.9165069915259715 0.2730379978627957 0.2730379978627957 0.42289713820371144 0.5126715269374389 0.6102980286659359 0.6213712485031213 0.7488434100994926 0.8128625373705883 0.9165069915259715
67 670 0.06490725228098176 0.8993519023080185 0.26941902145061414 0.26941902145061414 0.4074584883714096 0.5135000659325755 0.5893878736525308 0.6162483188040379 0.739584251072236 0.7880029974613183 0.8993519023080185
68 680 0.06111892023760067 0.8573650626755294 0.2688768286148009 0.2688768286148009 0.4056877031533703 0.5025498086863568 0.574393098029233 0.6080304351875252 0.7204028442327409 0.7832950552293816 0.8573650626755294
69 690 0.060688025075245 0.8728787604563576 0.2697595893355556 0.2697595893355556 0.40141860474360064 0.4781699923974668 0.5518801699718157 0.6189092900982864 0.7133428665487945 0.7629628514834101 0.8728787604563576
70 700 0.060412352045310584 0.9329438310919951 0.26464728439226193 0.26464728439226193 0.3931093007952794 0.46532477551494456 0.5378190038800539 0.6148264172356064 0.7025703484819635 0.7545455104139942 0.9329438310919951
71 710 0.05573877164113941 0.935067865450363 0.2610336667478366 0.2610336667478366 0.39210147492665076 0.4746290639861067 0.5220030009796951 0.6050985094250649 0.6941758020734924 0.7454153561519942 0.935067865450363
72 720 0.04780597128449125 0.8966168981944946 0.2592341099015257 0.2592341099015257 0.3799861400553794 0.4692055073247174 0.5149054817659133 0.5987817234708472 0.6795050545974705 0.7616807646373844 0.8966168981944946
73 730 0.04592411660814886 0.8754238237688785 0.24947235403992296 0.24947235403992296 0.3723452086031792 0.4589006130072889 0.5074823299439688 0.6017830126269553 0.6788397213763712 0.7191862264858326 0.8754238237688785
74 740 0.043042991279291475 0.8679443898688575 0.25319596341770695 0.25319596341770695 0.36784876885875095 0.45914336910026743 0.5084789896344926 0.5924466928692717 0.6339019114300436 0.715871842648821 0.8679443898688575
75 750 0.04389582701432927 0.8400972353213005 0.24738269693725767 0.24738269693725767 0.3608431074379484 0.4531596200756739 0.5151347010809609 0.570070301978867 0.6425330462379972 0.7004827362839094 0.8400972353213005
76 760 0.043019932588963375 0.8189392798966808 0.2460962956013582 0.2460962956013582 0.34535056769578687 0.45104839005547537 0.530464023621402 0.5690126844049145 0.6356139524329932 0.7016413081254959 0.8189392798966808
77 770 0.04310921730902151 0.8108554743818304 0.24409699943743515 0.24409699943743515 0.3392835686833506 0.4481394345163622 0.5195780323182142 0.5611500358806722 0.6349258215159069 0.6850105791330479 0.8108554743818304
78 780 0.04209532582437363 0.7935257699530927 0.2512020862559316 0.2512020862559316 0.336472568733015 0.46200601639564687 0.5192864470730891 0.5464262291826923 0.6334002034107695 0.6576319649359855 0.7935257699530927
79 790 0.03811096176637268 0.7840173036035004 0.25096889744920703 0.25096889744920703 0.33282911927980274 0.4500544615418192 0.5255886571224905 0.5416004885662195 0.6026614770040188 0.6553322833271655 0.7840173036035004
80 800 0.03440753815400261 0.7552308656411273 0.24497559364302407 0.24497559364302407 0.3373376144751394 0.4516860324947367 0.5228572393813988 0.5374528492549795 0.6002213110153443 0.6340783469924184 0.7552308656411273
81 810 0.031742133441751294 0.7306855718418788 0.24254757514390365 0.24254757514390365 0.3322244747944322 0.4396166480824628 0.5161364536325731 0.5308976759260485 0.5974009160059279 0.6222422400789462 0.7306855718418788
82 820 0.031238714236052158 0.7147944578192776 0.24036905339532139 0.24036905339532139 0.32768510911994536 0.4463981902316099 0.4951709640352674 0.5247121255210847 0.5919494754549828 0.6232490807463619 0.7147944578192776
83 830 0.030232993280568887 0.674021035329637 0.24457413570278264 0.24457413570278264 0.34324051859499 0.4448324057730696 0.4886013338313409 0.5145757527366323 0.571951846868007 0.6256894506470607 0.674021035329637
84 840 0.02786584256769887 0.6554642301696207 0.24815267124315143 0.24815267124315143 0.342370036129279 0.4393062065528088 0.4782985327549488 0.5002809634876062 0.5794019398532815 0.6122940987569322 0.6554642301696207
85 850 0.026436371057441763 0.6359443956920905 0.24907509414990575 0.24907509414990575 0.3382787196997003 0.4366432208359628 0.468263054059023 0.48654566269826555 0.568590228979381 0.5982163632715294 0.6359443956920905
86 860 0.025920253292350027 0.6455456959904647 0.25014128834995275 0.25014128834995275 0.33344051769178434 0.4251851621499827 0.4546866844878253 0.49391557585778406 0.5295550606933156 0.6012403441998563 0.6455456959904647
87 870 0.026182024859227302 0.6300987680447904 0.25350734843620915 0.25350734843620915 0.3169913286896274 0.4280087966129523 0.45168484016084187 0.4880591356390118 0.5384596420929096 0.5943975698816153 0.6300987680447904
88 880 0.025568590515997257 0.6364897139749861 0.2575988858107932 0.2575988858107932 0.3114100677931801 0.40896418128948037 0.43148173540754403 0.4749522679141616 0.5346921650846486 0.598561096826513 0.6364897139749861
89 890 0.026038894990690592 0.6128861129621289 0.2634726597661061 0.2634726597661061 0.31396754027278445 0.40396869441659256 0.43283224698852324 0.46856923081713076 0.5168203057283126 0.5736748360910682 0.6128861129621289
90 900 0.02349059094800453 0.6019157632089023 0.2767348807290258 0.2767348807290258 0.31162216326372816 0.38754617770357747 0.4384021524425177 0.44972349725921534 0.5243259509513024 0.5657471419086147 0.6019157632089023
91 910 0.022362861887678852 0.565059605262126 0.274008936275076 0.274008936275076 0.30572794795489083 0.37881551948061926 0.43070867363075294 0.449201784192671 0.520116659069165 0.560915694273728 0.565059605262126
92 920 0.021193715778690038 0.5654474057466483 0.2646142638964178 0.2646142638964178 0.30842985181546734 0.3754489133392867 0.43129794088113216 0.44897733421587877 0.49917521131639087 0.5511513911860532 0.5654474057466483
93 930 0.019786420818149467 0.5585338602188847 0.26415111052012846 0.26415111052012846 0.3035981778212903 0.37644429072590146 0.4083510655548553 0.4547642420425928 0.5135593236466236 0.5245658841387466 0.5585338602188847
94 940 0.016845991667470497 0.577709740476837 0.25678504739104374 0.25678504739104374 0.29962608471491337 0.35225333830563726 0.39960975028719437 0.47419309110027136 0.5056993974667183 0.5276743489059466 0.577709740476837
95 950 0.014871841253275283 0.5435622256528855 0.25198241014063816 0.25198241014063816 0.29828755481143754 0.35325384209129396 0.39286157931636445 0.45622839970587536 0.4997569652197098 0.519481944664564 0.5435622256528855
96 960 0.013968744228791637 0.540494555310212 0.24879376074340015 0.24879376074340015 0.29580159218288204 0.34693320000701594 0.384027378143869 0.427536651422197 0.48885029371846045 0.5282688838175896 0.540494555310212
97 970 0.013816253672628296 0.5335730885107253 0.2484454851246828 0.2484454851246828 0.29703065714324933 0.3433347952994525 0.372599836131412 0.42632009728177694 0.468243331487931 0.5208592264517844 0.5335730885107253
98 980 0.013109670020117838 0.5254401175490978 0.24502550181445268 0.24502550181445268 0.2933297585257734 0.34992494378730665 0.36742517720174955 0.42289546018262425 0.4645804482021881 0.5092047204482267 0.5254401175490978
99 990 0.011620580691109321 0.5293273587726096 0.24386011269732008 0.24386011269732008 0.2961029132282627 0.3478946982050603 0.3518762175225211 0.40387108991573445 0.460506643468545 0.504263056392644 0.5293273587726096
100 1000 0.01080234689688337 0.5171926881030495 0.24159347096058456 0.24159347096058456 0.290588545203246 0.3330511645720217 0.35080118073672056 0.4024249135985184 0.457582426661073 0.48533235872132696 0.5171926881030495
101 1010 0.010268003684433716 0.5004246278889998 0.2423605238280258 0.2423605238280258 0.29111686305753204 0.32286738718053426 0.3482711489184363 0.3913912679009835 0.44937008423964775 0.48096348479562384 0.5004246278889998
102 1020 0.009122020469667846 0.48721723959222846 0.24421281654049032 0.24421281654049032 0.29314403280494683 0.3222096697448801 0.3444582071300037 0.38990462142898913 0.432304246861532 0.4623695129512902 0.48721723959222846
103 1030 0.007775128046642097 0.46700125396373426 0.23867692816129416 0.23867692816129416 0.28951705846641884 0.3202891028984999 0.3375407645293121 0.3898583406043573 0.424821315656334 0.4567734276740827 0.46700125396373426
104 1040 0.007105774240496335 0.45797341822547405 0.23816305364365675 0.23816305364365675 0.29281595527424004 0.3233833917284596 0.3375413429638911 0.36971992797429754 0.4100247223040144 0.4365769287234253 0.45797341822547405
105 1050 0.006649616510689302 0.4612342269567639 0.2343215214686845 0.2343215214686845 0.2880145296228868 0.30843790880414684 0.33423416347536167 0.36039343527551787 0.39654777599647095 0.4350883206369396 0.4612342269567639
106 1060 0.006353721885485523 0.4528433411991853 0.23424110827406205 0.23424110827406205 0.28074569779141806 0.3083699422744779 0.3328888401397523 0.36215952154117587 0.39934699982611754 0.42280983604303285 0.4528433411991853
107 1070 0.006094589575240121 0.4530295394087905 0.23358429255228194 0.23358429255228194 0.2807944370869136 0.3083668183648575 0.3234974548194858 0.35274283610501245 0.380360625705384 0.4158303939543992 0.4530295394087905
108 1080 0.00523795763470659 0.44920945543215923 0.23371624033498378 0.23371624033498378 0.2801121611468509 0.2865786443283337 0.3195915265414815 0.35077886301840694 0.39061154361819034 0.4109496240116166 0.44920945543215923
109 1090 0.005104518710094507 0.4472517630848276 0.23419847909314553 0.23419847909314553 0.26018446644288823 0.28524678305087176 0.31226268109268024 0.34539752206660523 0.38834800397319674 0.39571841539157065 0.4472517630848276
110 1100 0.004933585561523912 0.45730276593214453 0.2309795380141729 0.2309795380141729 0.24397769593113863 0.28042862877475017 0.30066734963966724 0.35423495153467216 0.38057143288047957 0.4028801625962817 0.45730276593214453
111 1110 0.004680162899425949 0.4510761151666951 0.2252780238670282 0.2252780238670282 0.2410252528717077 0.28027559377607014 0.29712185719272255 0.34675415453179315 0.3746096857057971 0.39891077081079446 0.4510761151666951
112 1120 0.004171620301683605 0.428776648444677 0.22970343028999893 0.22970343028999893 0.23761305128857782 0.2745887905799948 0.297242872653513 0.32829820675491045 0.37999630046762406 0.4011361663750383 0.428776648444677
113 1130 0.003807339385367745 0.43674943834996266 0.22063725153639427 0.22063725153639427 0.2367485186662686 0.2732303477365535 0.2923021123970128 0.324537126507138 0.37208245437138443 0.3880947519855417 0.43674943834996266
114 1140 0.003610111253228709 0.4353840468640993 0.2181266672392498 0.2181266672392498 0.23476829800862875 0.26521572272235877 0.2773074914874369 0.3287758325616998 0.3678657166541561 0.38262509427647473 0.4353840468640993
115 1150 0.0030090411993551713 0.4241441610257308 0.21808684226855193 0.21808684226855193 0.2328097980923234 0.2630056696049146 0.27467998084007317 0.32640926845326496 0.35786112962493705 0.3719126992791657 0.4241441610257308
116 1160 0.0027652445752010964 0.4154442259173119 0.2182689656055605 0.2182689656055605 0.22851674780220932 0.25050839760537696 0.27896518734755354 0.3313553792141502 0.3443691978978784 0.35500128744555676 0.4154442259173119
117 1170 0.00260200872533355 0.39564552780584794 0.21562512357894384 0.21562512357894384 0.2255536124973608 0.2438952789409307 0.2748175435256923 0.33526275644116726 0.3394662194841978 0.3536757806454644 0.39564552780584794
118 1180 0.0024110557393705176 0.38583768615559266 0.2077962581435924 0.2077962581435924 0.21968737346681916 0.2414539556007551 0.2669882743190684 0.32936145903387165 0.3365564567687476 0.35615240098889644 0.38583768615559266
119 1190 0.002161068556943785 0.38156576637436657 0.2124672899045358 0.2124672899045358 0.2163942323271772 0.2350540520232178 0.25840135083248494 0.32186597337400236 0.3303183987223997 0.35298533904789964 0.38156576637436657
120 1200 0.0019360633476396643 0.37494039199375645 0.20306381273982188 0.20306381273982188 0.21564954343020376 0.23476008659622125 0.2597441629578014 0.31267969152046204 0.3257851691882669 0.33919608932644835 0.37494039199375645
121 1210 0.0018330218493100544 0.37304098057807855 0.20146477180506867 0.20146477180506867 0.21830536922082674 0.2333417796033148 0.26012406366062013 0.2906248737230982 0.31037032066675274 0.3355845186791138 0.37304098057807855
122 1220 0.0015861825755195552 0.3663656895797154 0.1995469799286088 0.1995469799286088 0.22177336584451687 0.22489328939224318 0.25209212830098704 0.2949026717742369 0.3059470994623704 0.3284178203045262 0.3663656895797154
123 1230 0.0015207391169112668 0.3541622294480733 0.1966821583586072 0.1966821583586072 0.21923216783893293 0.224749878441493 0.24605756557087569 0.29053084257649475 0.3007445047260377 0.3218111807077405 0.3541622294480733
124 1240 0.0013916931041591423 0.34037049201247005 0.19636722162079176 0.19636722162079176 0.2150036078174603 0.22250751155657575 0.24864464712416395 0.2921169941829796 0.2974783463470739 0.3155646135098518 0.34037049201247005
125 1250 0.0012077352272927184 0.33647955821256686 0.18548854970094802 0.18548854970094802 0.2124179340222994 0.22339290103975834 0.24800248922482948 0.28049136021582943 0.2973588752652532 0.313435729540511 0.33647955821256686
126 1260 0.0011643363779472388 0.3312172318188618 0.18375407978905872 0.18375407978905872 0.21245883989875017 0.22182178812632836 0.24128397524268744 0.26989891567256463 0.2846381038035921 0.30960762202769243 0.3312172318188618
127 1270 0.0011463783843552833 0.31856290912056934 0.18987610236047692 0.18987610236047692 0.21055624576337487 0.22258026370244255 0.24071103595013701 0.25722483862873574 0.28606397979747666 0.30833490694584864 0.31856290912056934
128 1280 0.0010117076724543538 0.323414008266058 0.18922769026262387 0.18922769026262387 0.2053511366095633 0.23405267122058876 0.24083542608150824 0.2477564730576614 0.2733362910124742 0.3035860881246174 0.323414008266058
129 1290 0.0009751779807066272 0.31937478028019156 0.18046306982560073 0.18046306982560073 0.20274411463726003 0.23702636007575764 0.23973282527878928 0.24260517832154757 0.2718626909824278 0.2924325688401658 0.31937478028019156
130 1300 0.0009593434782259843 0.30941168610189185 0.18098081061858 0.18098081061858 0.20425132419948047 0.2287760947986153 0.23416793001679997 0.23888724823457388 0.2771747899733365 0.2912645188658085 0.30941168610189185
131 1310 0.0008407391471581284 0.299103889495554 0.1806763254015965 0.1806763254015965 0.20625314951934628 0.22233919192272864 0.2320749020152365 0.23729725149078262 0.27350809681951993 0.28968956494639997 0.299103889495554
132 1320 0.0007717267330919321 0.29873940241651586 0.1706540326883849 0.1706540326883849 0.20129968805630655 0.22192863778336533 0.22725014340413432 0.2337104125730248 0.26783812159093967 0.28551764521438877 0.29873940241651586
133 1330 0.0007449900093420654 0.30016596800107676 0.16906858416263523 0.16906858416263523 0.19966103603318858 0.21729085106217758 0.22549243068670394 0.23504396317575024 0.26294249385420493 0.26838890491208195 0.30016596800107676
134 1340 0.0007298848387926305 0.3039262994242595 0.16208537323404507 0.16208537323404507 0.19655868121984937 0.20860992667451497 0.22517223212297677 0.23322846507571227 0.2585029933390782 0.26809228599936946 0.3039262994242595
135 1350 0.0006750416322406947 0.30248708968754145 0.15653741603022678 0.15653741603022678 0.19418439334903587 0.2133113094048395 0.22045931343645428 0.23339480874177032 0.2494093542414672 0.2639440581517109 0.30248708968754145
136 1360 0.0006220953627856166 0.29521734646783276 0.15113665914038235 0.15113665914038235 0.19431348263364165 0.21580228318194591 0.21866283374925605 0.22502634733708396 0.24168896928664074 0.26287832525389393 0.29521734646783276
137 1370 0.0006010796574708634 0.28486822563913183 0.15567579572217766 0.15567579572217766 0.1945661075963163 0.2125628698952596 0.21690050984212556 0.22149998882002506 0.23565392221091025 0.26163794764520665 0.28486822563913183
138 1380 0.0005548918342742862 0.2857144284118639 0.15348263732519177 0.15348263732519177 0.19595461257476804 0.20886026681903822 0.21856440553380152 0.2224558516089226 0.22649955477732286 0.25985956082787126 0.2857144284118639
139 1390 0.00048542162829235053 0.2864728936784621 0.14156090569953736 0.14156090569953736 0.1899949025669415 0.20632495135937987 0.2175024287240925 0.2207812934436191 0.23080197398867608 0.26121902646170864 0.2864728936784621
140 1400 0.0004370484345984989 0.28336147168580617 0.13889286624771202 0.13889286624771202 0.1897212596231251 0.20047674896478598 0.20972838751706574 0.21813097079217655 0.22849790084733201 0.25336430508933644 0.28336147168580617
141 1410 0.00040903580730066255 0.2796819787431993 0.13322623210561368 0.13322623210561368 0.18672606805360595 0.19919138678399959 0.2051201084478389 0.2083887157119015 0.22624500980977968 0.2527818865257874 0.2796819787431993
142 1420 0.000370092919948669 0.2787806709355561 0.12901850154683048 0.12901850154683048 0.17945769625826963 0.19720555562532177 0.20106100338391844 0.20890022731744018 0.22706711750357528 0.24802956951050567 0.2787806709355561
143 1430 0.00035488800366705243 0.2823439036023807 0.1274116635864247 0.1274116635864247 0.16764291605540585 0.1892814146520736 0.2006878078877815 0.2041692415489304 0.22702580909468437 0.24892342379692656 0.2823439036023807
144 1440 0.0003024659886077882 0.26824887924179774 0.12808354430090427 0.12808354430090427 0.16596043186717388 0.18518916201411406 0.19626997473036334 0.2160747281307398 0.2231547286897761 0.24695984104033028 0.26824887924179774
145 1450 0.0002808434034884595 0.26939436971545677 0.12697201249145054 0.12697201249145054 0.16327954783809923 0.1728719348223852 0.19908198629068047 0.2103405946717855 0.22188423221783563 0.23279949410630243 0.26939436971545677
146 1460 0.0002684734078931708 0.2605043058021378 0.12856006277880122 0.12856006277880122 0.15834760566513853 0.16704194394023378 0.20020316809872288 0.2065510166072113 0.21760662041101633 0.23186558759594145 0.2605043058021378
147 1470 0.00024430482322318855 0.2599800060406054 0.12715691701764933 0.12715691701764933 0.16144755105002473 0.16412044367850925 0.18957512008043917 0.20341553079418104 0.21446634975876697 0.23099762383572844 0.2599800060406054
148 1480 0.0002305256777971344 0.2491500928524291 0.12657699776207432 0.12657699776207432 0.15352672421256824 0.1630163029503897 0.18596382992171961 0.19900838044695313 0.21327251232898473 0.23085819565914847 0.2491500928524291
149 1490 0.00020893456986958512 0.24452778101350758 0.12228080653353283 0.12228080653353283 0.14952759885599223 0.16575434478186937 0.1779728819159146 0.1982478435264863 0.2114260833218674 0.23050640718293455 0.24452778101350758
150 1500 0.0001881270760351298 0.24216554758066675 0.11960000331421261 0.11960000331421261 0.14561302897934864 0.16134807856136582 0.17482551864668938 0.193876393321963 0.20541688595217422 0.2309894192134933 0.24216554758066675
151 1510 0.00017570453791788035 0.23353057727573856 0.12005996946918242 0.12005996946918242 0.14530669573105337 0.15591588828908876 0.17394199726445386 0.19247911521959127 0.20151346521484084 0.2207129015657099 0.23353057727573856
152 1520 0.00015792038483344338 0.23878803721961436 0.11881648807545922 0.11881648807545922 0.1406543340141489 0.15535829850138433 0.16424111924917378 0.19104187251866997 0.1976097129451931 0.21931939554467775 0.23878803721961436
153 1530 0.00014418112429373997 0.23514033710510976 0.11962082987586616 0.11962082987586616 0.14113885789713848 0.15332228209635562 0.1649948527344943 0.18125240201287846 0.19076180732718465 0.21741267141231 0.23514033710510976
154 1540 0.00013323628443918703 0.2323771827778819 0.1197230438422687 0.1197230438422687 0.1431097444129492 0.14804500009392668 0.1673611751333102 0.17796296921718113 0.1869341721781125 0.20689584590294052 0.2323771827778819
155 1550 0.0001243049017955351 0.23451280324585996 0.12016082725414946 0.12016082725414946 0.14221435261145585 0.14316525791073978 0.16200947692717033 0.18036062094227528 0.18448899406075644 0.20032129121047734 0.23451280324585996
156 1560 0.00011354813603368318 0.22957643870786734 0.11691019199727996 0.11691019199727996 0.13349011399855787 0.14430387217925017 0.16024611504936465 0.17529300542293566 0.18598382062910263 0.20102910517055503 0.22957643870786734
157 1570 0.0001050140737435505 0.2221233104458443 0.11805552202173651 0.11805552202173651 0.13139789657619014 0.13939158280184333 0.1538314814421398 0.17362950826246998 0.1823621878846237 0.2006903703622307 0.2221233104458443
158 1580 0.00010124588555065721 0.22429739372014168 0.11681728274151484 0.11681728274151484 0.13240918481918143 0.13791281530846217 0.14999490922265102 0.17003840541070628 0.17460013907987418 0.20035328598441643 0.22429739372014168
159 1590 9.56623924108125e-05 0.22083865412832093 0.11867638942943659 0.11867638942943659 0.1297515374239874 0.13454014213117813 0.14915760591705923 0.16841245963884222 0.17668700858400513 0.1879765236293844 0.22083865412832093
160 1600 8.886704289637817e-05 0.21866023318330663 0.11746006381578568 0.11746006381578568 0.12684518108047887 0.13385618425259924 0.15186453487343068 0.16455303558544243 0.177714073751887 0.180915219575523 0.21866023318330663
161 1610 7.83702624975242e-05 0.21210112403314385 0.11594969616813713 0.11594969616813713 0.12415325748684278 0.1362868748843305 0.1520350001476926 0.16093724020662198 0.17503326560271582 0.17747771694178108 0.21210112403314385
162 1620 7.900386710283566e-05 0.20570379201377811 0.11412472100555059 0.11412472100555059 0.12284751043764808 0.13010206783514247 0.15517797661898317 0.1565709556409576 0.17063764320218236 0.1837609069581372 0.20570379201377811
163 1630 7.496218401349172e-05 0.2146604519880174 0.11205149604120786 0.11205149604120786 0.12223298100330571 0.13235400352532026 0.15228623627025584 0.15564469577157064 0.16459661811379958 0.17975747747643225 0.2146604519880174
164 1640 6.592536386946581e-05 0.20597456138148373 0.10904576909498162 0.10904576909498162 0.12018009138520591 0.12838816176627632 0.14894737334717356 0.15437992000719689 0.17049646119047465 0.17909776301550379 0.20597456138148373
165 1650 5.91292683583626e-05 0.20998615093987813 0.10949567694168269 0.10949567694168269 0.11563284928112925 0.12935143091580328 0.14608025364729119 0.1528950073337341 0.16340271305902077 0.1761879379853135 0.20998615093987813
166 1660 5.418439328631196e-05 0.205906001616669 0.10747645551218162 0.10747645551218162 0.11453519552889403 0.13129571475421176 0.14253908737436882 0.15059841294659723 0.15628418382678924 0.16960576697188737 0.205906001616669
167 1670 4.4219329576767696e-05 0.19618013999343542 0.10760996865313414 0.10760996865313414 0.11020294773023147 0.12665919869512324 0.14205651016216878 0.15205753797623567 0.15361513541387709 0.1672247158453235 0.19618013999343542
168 1680 3.87027537721228e-05 0.18717503286460954 0.10576889285880016 0.10576889285880016 0.10974322768528894 0.12384101256872297 0.13746182728271428 0.14958582172183943 0.15221693563040015 0.16616357655158168 0.18717503286460954
169 1690 3.49010212339268e-05 0.18549852144008228 0.10119290584085687 0.10119290584085687 0.10368123451696253 0.12412434587062997 0.13614466059845595 0.14564370667700896 0.1494931904876179 0.16784885078606973 0.18549852144008228
170 1700 3.066691524985395e-05 0.1842445121937909 0.09901602340588884 0.09901602340588884 0.10232457155110979 0.12492416792434033 0.13293334739161783 0.1384015700953692 0.15199369934373416 0.1629501843670382 0.1842445121937909
171 1710 2.6631246976794203e-05 0.1790803566244706 0.09806959088933151 0.09806959088933151 0.1029144700433857 0.122811013105524 0.13130807953930565 0.13223339477248455 0.14848395331046063 0.15963305242640072 0.1790803566244706
172 1720 2.4477469873124627e-05 0.16996516124002553 0.09890751808567934 0.09890751808567934 0.10136613436830441 0.11944700171760701 0.12791617019514012 0.13075440966972823 0.1471570996200192 0.1539452387567316 0.16996516124002553
173 1730 2.3260707410322768e-05 0.1701499316943355 0.09797043655598218 0.09797043655598218 0.09923072432908521 0.11617147281780513 0.12291117995573592 0.1346979073346666 0.14016500305666507 0.15385679610088268 0.1701499316943355
174 1740 1.9953767933487335e-05 0.16766495439025364 0.09548080488841078 0.09548080488841078 0.09909149668765463 0.11617458047155316 0.12025384505617562 0.1336089830285899 0.13446990696357974 0.15412674231675244 0.16766495439025364
175 1750 1.870246725632745e-05 0.16744297862170016 0.09525861670791078 0.09525861670791078 0.10015015166949034 0.11411071017258527 0.12130913823661309 0.1288358027333075 0.13449633710297162 0.14708454537105117 0.16744297862170016
176 1760 1.7308526376532657e-05 0.16678846039114625 0.09256788079964592 0.09256788079964592 0.10184700368685169 0.10630813784275349 0.1219486581524326 0.1282930540930162 0.13249361990545386 0.14397803523017194 0.16678846039114625
177 1770 1.5516627286832607e-05 0.16543171153017372 0.08849141250995193 0.08849141250995193 0.09912779127707579 0.1064839796947114 0.11948269329997445 0.1265007822722738 0.13324162288757352 0.1415825611145535 0.16543171153017372
178 1780 1.3175633243584012e-05 0.15695502229144337 0.08724808208491654 0.08724808208491654 0.09718541338585522 0.10612253159168271 0.11727332439288399 0.12668984104624662 0.13089388838345561 0.13610199513069443 0.15695502229144337
179 1790 1.217192769476063e-05 0.1555909049340881 0.08762084351250955 0.08762084351250955 0.09632874014496667 0.10512663878705099 0.11715022106877292 0.12052725287154333 0.1251463939924844 0.13247987766004563 0.1555909049340881
180 1800 1.06423250062973e-05 0.1511049678336389 0.08640125605727304 0.08640125605727304 0.0973984744214624 0.10193872223840543 0.11384864795232746 0.11851967334968734 0.12144142677461257 0.1323379438989777 0.1511049678336389
181 1810 9.784331708865245e-06 0.15136434356362266 0.08235853463894093 0.08235853463894093 0.09672043433700428 0.10096049073755461 0.11113398527027053 0.11165898946896523 0.11865879128078222 0.13212478398274924 0.15136434356362266
182 1820 9.11694029458055e-06 0.15049234917313853 0.08131318310523047 0.08131318310523047 0.09536803904597471 0.09604832593990786 0.109095128493202 0.11233048783555807 0.11586240007515566 0.13027966474903985 0.15049234917313853
183 1830 8.76469105253038e-06 0.14857967024135124 0.0791369919843938 0.0791369919843938 0.09333889998930588 0.09843996163068651 0.10829672044014936 0.11065381379326931 0.11366233302195729 0.12634120802891868 0.14857967024135124
184 1840 8.414606405808412e-06 0.14388123902022013 0.07664798947882523 0.07664798947882523 0.09029063475213864 0.0953464105355216 0.10620665483989988 0.11234472453861598 0.11467441819179588 0.12822961339891104 0.14388123902022013
185 1850 7.246629272376473e-06 0.14232179549411023 0.07544124530728073 0.07544124530728073 0.08687500543700706 0.09556364574615758 0.10439078337898713 0.1131183021874443 0.11663320486328536 0.12823915685382642 0.14232179549411023
186 1860 7.101062960005175e-06 0.14040440906365684 0.07148658900463177 0.07148658900463177 0.08464944795108473 0.09261530659253471 0.1045490223102475 0.1093307216405402 0.11624815310903831 0.12817566502146635 0.14040440906365684
187 1870 6.620996338485874e-06 0.12920716954209396 0.07115456767198013 0.07115456767198013 0.08412661516673389 0.09376976592047383 0.10547574911211176 0.1101360566659584 0.1181671004587414 0.12647377360164197 0.12920716954209396
188 1880 5.683755817974944e-06 0.12911007967834273 0.0716090783334647 0.0716090783334647 0.08481299070938275 0.09296470330489352 0.10116780244463364 0.1105081316909204 0.11679563415433632 0.12234829005527827 0.12911007967834273
189 1890 5.581322529944034e-06 0.1276733568109562 0.0685012992695765 0.0685012992695765 0.08414129769444512 0.09103074739568905 0.09854762344604268 0.10377594730170192 0.11626571112150502 0.12091790534475637 0.1276733568109562
190 1900 5.202275974413085e-06 0.1277082202499773 0.06736608514441697 0.06736608514441697 0.08121323177497104 0.09154175037419596 0.09622458622249691 0.10482829468479442 0.11794690385424911 0.11889139360229783 0.1277082202499773
191 1910 4.934696271710456e-06 0.12574252602445335 0.06653567208836496 0.06653567208836496 0.08060158948286351 0.08843043086132123 0.09618162702078892 0.10499525656702417 0.11845375767277885 0.1199012127088961 0.12574252602445335
192 1920 4.341958426125334e-06 0.13205137403149142 0.06446747607334928 0.06446747607334928 0.07896438138724964 0.0859136342080376 0.09322520255798822 0.10561235768450242 0.11657590054370641 0.11918399233517452 0.13205137403149142
193 1930 3.7336055771869066e-06 0.12985896996109686 0.06280362299859991 0.06280362299859991 0.07898131209551512 0.08588996867997807 0.09096823668954032 0.10438886169365197 0.1106669945040938 0.11800488492276691 0.12985896996109686
194 1940 3.5587506599103626e-06 0.13047842307604038 0.061924669110664174 0.061924669110664174 0.07375081063966202 0.08483999115438531 0.08941184805249355 0.1010145316622303 0.10789009822189803 0.11767770718463287 0.13047842307604038
195 1950 3.122178703223655e-06 0.13192688862449597 0.061934626689872534 0.061934626689872534 0.07280253650198111 0.07929072655031513 0.08946297594964003 0.09865494660763975 0.1088096046917787 0.11898299842152135 0.13192688862449597
196 1960 2.741996984429462e-06 0.12895521181951075 0.059218709609609316 0.059218709609609316 0.07349774703225513 0.07827962093253409 0.08911486487578002 0.09334861834864253 0.10905142517423135 0.1162016144832072 0.12895521181951075
197 1970 2.411428604774312e-06 0.12332611786577252 0.05983207341719347 0.05983207341719347 0.07128126538751117 0.07694194998049417 0.08786043155704654 0.08981549702499836 0.10826553550031456 0.11629642654300151 0.12332611786577252
198 1980 2.093016665635905e-06 0.12054856774312207 0.057310153286180214 0.057310153286180214 0.07222292033559399 0.07471750743675437 0.08644100965566826 0.08895590733246064 0.1079981173105536 0.11249113815187611 0.12054856774312207
199 1990 1.8686350425942741e-06 0.12012034532035139 0.05758827932841799 0.05758827932841799 0.07032152995170722 0.07619332550592534 0.08451499573156228 0.08663402205377396 0.10391236257883456 0.10773506152096458 0.12012034532035139
200 2000 1.7396736811534489e-06 0.11613346242214762 0.05786458757303968 0.05786458757303968 0.06873680451615106 0.07394882279942787 0.08427376469942426 0.08568821256003036 0.10269366366948338 0.10714189900442993 0.11613346242214762
201 2010 1.5618266876497079e-06 0.11482265348750431 0.05871123268737918 0.05871123268737918 0.06893107820348979 0.07387499874153425 0.0796935414548471 0.08359761308012448 0.10085194925006666 0.1057210375525896 0.11482265348750431
202 2020 1.3051420687598838e-06 0.11863664610766161 0.057497170838117936 0.057497170838117936 0.06781669866822257 0.07050299104558494 0.0757644983647711 0.08361467190632883 0.09964641533408464 0.1056074150586497 0.11863664610766161
203 2030 1.1936622251362397e-06 0.11967267124208203 0.05692234360831887 0.05692234360831887 0.06645971713300805 0.07007572786437256 0.07384301611940956 0.07922997369871487 0.09881747077345036 0.1026687517182669 0.11967267124208203
204 2040 1.2069285171289494e-06 0.1176152693716682 0.05388392866070163 0.05388392866070163 0.06340416777975279 0.07034848788280741 0.07433552783737578 0.07819722830182042 0.09583399418567752 0.10366436978874775 0.1176152693716682
205 2050 1.1837953668574188e-06 0.11690337014844701 0.0544717415652161 0.0544717415652161 0.06525905231033269 0.06896477067903313 0.07532171573132644 0.07760933777828993 0.09540459555433832 0.09723251123154145 0.11690337014844701
206 2060 1.2224858141869837e-06 0.11333208512255295 0.052263285994147875 0.052263285994147875 0.06445458754928485 0.06780663205461943 0.07497877747541154 0.08125335714337749 0.09397097828174078 0.09623330146089505 0.11333208512255295
207 2070 1.2824308604033513e-06 0.1076825028394827 0.05201008965150451 0.05201008965150451 0.06363254782049592 0.06613185097162387 0.07241016351116615 0.08687856624694307 0.09140231787206468 0.0965168998179124 0.1076825028394827
208 2080 1.127332573150393e-06 0.11039430676001474 0.05150246087971331 0.05150246087971331 0.06150173025159119 0.06412246558981409 0.07305246707606593 0.08585105502109462 0.0903481999651955 0.0951256169666803 0.11039430676001474
209 2090 1.0647299930834933e-06 0.10813253172391783 0.048915420548500045 0.048915420548500045 0.06051916374256808 0.06347994744871607 0.07148967931557652 0.08247096145629168 0.08888256009795095 0.09399815237848344 0.10813253172391783
210 2100 9.937866332951391e-07 0.10485700305136458 0.048404761836241775 0.048404761836241775 0.05951717436408937 0.06307160053206994 0.06966768522910578 0.08351628595002743 0.08710371999413644 0.09273370064959666 0.10485700305136458
211 2110 1.0103953312538266e-06 0.1042172164527003 0.047445521788377375 0.047445521788377375 0.05690283599772053 0.0624058054873431 0.07011477679771022 0.08458856190274772 0.0866681679933062 0.0907636169379641 0.1042172164527003
212 2120 9.264082974812582e-07 0.1053666036018405 0.047075754663676486 0.047075754663676486 0.055972119432958135 0.06292541201629921 0.07272957662597569 0.08113570578359729 0.08670199808557996 0.08929752926356958 0.1053666036018405
213 2130 8.123042342730985e-07 0.10336170197051578 0.04529579690578403 0.04529579690578403 0.054468546816597165 0.06097609342445405 0.07199272933076462 0.08045279341357105 0.08691986025345216 0.0898422532318079 0.10336170197051578
214 2140 7.443835301341384e-07 0.10309734680173772 0.04463094862845648 0.04463094862845648 0.054758305491685484 0.057065660474652474 0.06865455353117642 0.07809838039174247 0.08834180962517885 0.08879294612444404 0.10309734680173772
215 2150 6.635511877014045e-07 0.09558029862930177 0.04500249852967811 0.04500249852967811 0.05170972992260614 0.0570522226470118 0.06765864859104342 0.07841075437286 0.08843247934155646 0.08928507653793388 0.09558029862930177
216 2160 6.77404684605254e-07 0.09567438472717427 0.04574351586149553 0.04574351586149553 0.05305513703298216 0.05834945603375197 0.0665743303291501 0.07569015408118422 0.08217065490675358 0.08855525086889378 0.09567438472717427
217 2170 6.972168874416633e-07 0.09392922840337467 0.045625737768935005 0.045625737768935005 0.05335816442171732 0.05792026481789271 0.0677432314272934 0.0768029966521481 0.07964807929901878 0.08633154816128386 0.09392922840337467
218 2180 6.75888904198661e-07 0.09364222057965717 0.04536740740174668 0.04536740740174668 0.05307454540266017 0.05966362533672105 0.06556088917030853 0.07291182776247324 0.07761851521467672 0.08732577808340303 0.09364222057965717
219 2190 6.572440516134986e-07 0.0915570342971999 0.04586307099037469 0.04586307099037469 0.0521211331264071 0.061126345996089404 0.06273854663976336 0.0722408684980974 0.07579869344658151 0.08574264971952551 0.0915570342971999
220 2200 6.746832454021188e-07 0.08949965250951004 0.048117296158304415 0.048117296158304415 0.05211071696735865 0.060846244065570806 0.06171648383731982 0.07050945517972114 0.07491715871464687 0.08487402992606674 0.08949965250951004
221 2210 6.188197203789009e-07 0.08784745774674389 0.04852687414591299 0.04852687414591299 0.050766979880276515 0.0602190198182974 0.06071655712352833 0.06981024501838197 0.07467282607256862 0.08509706801119359 0.08784745774674389
222 2220 5.720334394441308e-07 0.08832304146081925 0.04767280964604562 0.04767280964604562 0.05108204462121438 0.05791935842735543 0.05991483479642126 0.0673704505099196 0.07236608510804034 0.08414326353085397 0.08832304146081925
223 2230 5.184394916489836e-07 0.08771771949749896 0.04786520012809185 0.04786520012809185 0.05016589937494666 0.056846751899236735 0.05886391087342421 0.06557471909044672 0.07112870380021243 0.08270857621257988 0.08771771949749896
224 2240 4.923868038426083e-07 0.08814609563715305 0.04563651494159773 0.04563651494159773 0.04999766600619764 0.054241601003633524 0.05698229432453752 0.06564716729878396 0.07198252855541813 0.08152656823688904 0.08814609563715305
225 2250 4.6112230066377194e-07 0.0875357275498338 0.04727586881168458 0.04727586881168458 0.04995342550555912 0.05217646516856679 0.057118313920781046 0.06517781233941075 0.07006601180289404 0.08036187434427208 0.0875357275498338
226 2260 3.945812664561263e-07 0.08696523226427634 0.04873159148504757 0.04873159148504757 0.04996203163739361 0.050901313891248544 0.0522098910802515 0.06477690607936233 0.06864740069508879 0.07973575438834346 0.08696523226427634
227 2270 3.6415650101187187e-07 0.0847882060282402 0.047705232984781666 0.047705232984781666 0.048941620216487854 0.050074996474731674 0.05168469813034697 0.06464865103048782 0.06752889278895405 0.07706259949764589 0.0847882060282402
228 2280 3.3221276401635234e-07 0.08397974696976344 0.04510329832427472 0.04510329832427472 0.0485878932347503 0.04931979798780637 0.05221456756277595 0.061672145343999216 0.06802704232138612 0.07609495766465509 0.08397974696976344
229 2290 3.2546651190701083e-07 0.08418162666543746 0.04425591397718897 0.04425591397718897 0.04837510327163125 0.04941622022781656 0.05264496036032373 0.06103663894365596 0.06579901558966544 0.07235330550126194 0.08418162666543746
230 2300 2.991104130626943e-07 0.08376360005537241 0.04464320628406227 0.04464320628406227 0.04858488152059335 0.04924534026002694 0.05353228305796584 0.05651057954593111 0.06511993854015946 0.07053369997736218 0.08376360005537241
231 2310 2.846074519023905e-07 0.08365504392966673 0.04431693517742335 0.04431693517742335 0.04814246737542952 0.04958348174403332 0.052425960404300316 0.055928929146865584 0.06183486377005642 0.06753626376802833 0.08365504392966673
232 2320 2.4702755626514517e-07 0.08224378111698297 0.043092642597354645 0.043092642597354645 0.0480448285428116 0.04962541681131852 0.05152386701364003 0.05647700663787056 0.06250209878573536 0.06494911165430452 0.08224378111698297
233 2330 2.4728339051031267e-07 0.07989725646187834 0.04312694573071795 0.04312694573071795 0.04699299703315875 0.047632646809886006 0.05173213043412186 0.05568924226602506 0.060638553976518364 0.06440948464894264 0.07989725646187834
234 2340 2.5910928169683525e-07 0.0791839407408082 0.04164888707033886 0.04164888707033886 0.045296798947998984 0.048042023725468605 0.0516330074697432 0.05587416222801914 0.05999353540330317 0.06527759310386123 0.0791839407408082
235 2350 2.3729230221035914e-07 0.08022793369215281 0.039306388096111644 0.039306388096111644 0.04449198941183347 0.04836897931076908 0.050495790804713475 0.057827247917036965 0.06045350379362475 0.06595424900202351 0.08022793369215281
236 2360 2.155739856774822e-07 0.07533381997009526 0.039863654354618146 0.039863654354618146 0.043676688333918516 0.047486064873288394 0.050213407406226866 0.05740136669198833 0.05971035727815837 0.06509089108764791 0.07533381997009526
237 2370 2.2367535866177093e-07 0.07531167893340618 0.03937846458631004 0.03937846458631004 0.04102086321825327 0.04643841128781414 0.0500087694228678 0.05734327805415066 0.05970896378858982 0.06499456268793999 0.07531167893340618
238 2380 1.912773837992773e-07 0.07501377713572469 0.039186340262930434 0.039186340262930434 0.04014963113734431 0.046848619182753376 0.05036753573547099 0.057432327275569704 0.05811465048328987 0.06522774335356475 0.07501377713572469
239 2390 1.7526443276397716e-07 0.0727357143984988 0.03653936988523704 0.03653936988523704 0.03914112773012898 0.046333266996683185 0.05158359649351833 0.05603252502121219 0.057966743786358445 0.0639540957246567 0.0727357143984988
240 2400 1.5364453629178756e-07 0.07348367511284469 0.03590072087944286 0.03590072087944286 0.03824430564557981 0.0457440359279555 0.05111318809691279 0.05263726835244463 0.05750792974219909 0.062161632707809125 0.07348367511284469
241 2410 1.3278493522826284e-07 0.07201148388221632 0.035946444446010174 0.035946444446010174 0.03726532540151081 0.04460358762404196 0.05009805005422231 0.05045470236787308 0.05594283395397318 0.061840592048147576 0.07201148388221632
242 2420 1.257458201660601e-07 0.07004623614867797 0.034777100781072774 0.034777100781072774 0.03833651237587824 0.044092335969667225 0.049092850526013754 0.050010456350438146 0.0541039307892947 0.058674511371836435 0.07004623614867797
243 2430 1.1610175401853725e-07 0.06806125490725226 0.035242376167490826 0.035242376167490826 0.038252527282388316 0.042632254871190454 0.047032923899082514 0.049138607391585175 0.05534359978319831 0.05837678618399181 0.06806125490725226
244 2440 1.066529580486521e-07 0.068793053878373 0.0344805658863137 0.0344805658863137 0.03748719166578808 0.042669203746959795 0.04591686844158406 0.048323672850121194 0.05300483299885319 0.057454357190167234 0.068793053878373
