% # columns="iter, evals, sigma, 0, fitness, xbest" seed=271117, Mon Jul  9 19:00:10 2018, <python>{}</python>
1 10 0.4512276216243093 0 42.953519353084886 -0.022324372089433525 -0.1465763853917122 -0.04845672137914855 -0.1366494567790294 0.0020576103262904093 0.46708323858531425 -0.09329242147210111 0.7055593925521236
2 20 0.41108722269146086 0 41.28244530017365 0.246700015414057 -0.07318687619033046 -0.11746887695686742 -0.8781234778867623 -0.7515887397727185 -0.04282758447053546 -0.06834268371254429 -0.28830344820265297
3 30 0.4282821575157191 0 42.09726024805782 -0.06540474009048311 0.4783673163944868 -0.1568721291924744 0.1586874136513045 -0.13367359693634046 -0.9751704593803218 -0.16935540059937743 1.0809506626812357
4 40 0.44312022552948305 0 60.18514714895508 -0.41320928687219116 1.0084022063671014 -0.558777831245638 -0.2040384880018588 0.05502724631648129 -0.164293173720499 -0.1980236841429561 1.0327711944985687
5 50 0.4614080293578237 0 45.520678789452 -0.5583071911914047 1.106376726128347 -0.8255501276320654 0.15543120616200576 -0.09674475274618902 -0.8220048531484145 0.08358761448643018 0.9064350389063346
6 60 0.4612850942189602 0 44.847079345518495 0.4685886168409857 0.9766534180936438 -0.0014486911121746049 0.3066549866063703 0.04562763886369704 -0.9236810284881368 0.12182020491331655 0.8471481819118141
7 70 0.49136043113118855 0 52.07992741438569 -0.24261430058060635 1.986760593883098 0.049662278383991676 0.652985480396512 -0.15931132919994795 -0.0992236354738637 -0.8153955350885346 0.22799890398652833
8 80 0.49372780167452907 0 45.57484330403379 -0.8226408180346662 1.1853358334228163 0.06639476651212448 1.1497184212660887 -0.029556316186877596 0.03934669128169936 -0.7224907614928321 0.2944030934555458
9 90 0.5054478882944374 0 56.213574166980905 -1.427194897269402 1.175716799789236 -0.35662954800444063 -0.07601241860258678 0.12583212983008196 -0.07880045121317555 -0.821128220693204 0.04022659550007385
10 100 0.525638281968085 0 50.027767459363105 -1.8047240530405966 0.8870475973998592 0.12063727414984723 -0.0682679448174473 -0.06962277931700289 -0.23657817224045644 -1.1048005409779278 -0.4547893334706408
11 110 0.5412107466386046 0 58.67600166030449 -1.1727179758053274 1.5060155726621485 -0.8912789813121115 0.036216285851554675 1.0358561853182227 -1.2497870434090266 -1.2486391490015107 -0.10376048855917097
12 120 0.47072298908189947 0 65.119919906402 0.15626539946752904 -0.011335748851556193 -0.23254887776962885 0.9231026756383618 0.3352923704229356 -0.02265222250805954 -0.6557857467063096 0.6030950258852745
13 130 0.4401374315031267 0 51.70002111359125 -1.156925709162355 1.1301529740607177 -0.019608549279249814 0.2526187997154854 1.0647381716492146 -0.012386061726181341 -1.299919432951825 -0.32040401059126666
14 140 0.4415798093299431 0 43.70105778990516 -0.9820952628502552 1.0895859457571555 0.005167506125453931 0.9255832469062968 1.2585267909316067 -0.7707432982165625 -1.992503684009872 -0.29068443744146166
15 150 0.45960081111715667 0 55.13694736657892 -1.0111110002507688 1.2880740418932297 0.21622609279844945 0.16183347435404966 1.166218264862612 -0.6738425268942542 -1.8880964084055023 -0.011135380675367956
16 160 0.47793004501492875 0 56.37999509642815 -0.8417929714777876 2.15762045414532 0.13949556163868707 0.35906142846024913 1.8092247230985317 -0.8427594093992481 -1.8669421871966156 -0.03553321863326123
17 170 0.4581637856660385 0 71.25494916866634 -0.543601531426082 1.2496409019971075 -0.018594897294941737 0.2024555082216577 1.0335277568016994 -1.1801180212852613 -2.0339568272111723 -0.5489371547715537
18 180 0.45253120830601473 0 58.56928008271361 -1.0182371586992338 1.0729184776211582 0.03054854396710413 0.4105125874762993 1.603867902273751 0.023133766987550652 -1.8997985694909774 -0.2540816738055506
19 190 0.46400512900844326 0 44.47861350659471 -0.024557343412115462 1.0658546085593414 0.1635542953704418 0.5963893813387946 1.9851729734011792 -1.1378592271385417 -3.0416959148433023 0.052843707169451595
20 200 0.44617026035584867 0 72.54855868995378 -0.0858587141054682 0.9462826741828176 -0.43717015110362956 0.43129359762610847 1.1589313146226194 -1.1959888285421987 -2.045349307743011 -0.2864828863393246
21 210 0.4591734150839598 0 63.2774407743122 0.271592083397194 0.0485650070857232 -0.11222724963044611 0.9952071780130287 0.684630412084136 -0.5959587164677613 -2.1707146774630584 0.16628930667318687
22 220 0.4889878692413234 0 43.363651277112666 0.9939106206165994 -0.09459887977096842 0.07298140346854903 1.0329472626381015 1.3870847563247557 -0.9038529444024674 -2.789930752928505 -0.06887456256076972
23 230 0.5009623037961446 0 61.22137434727812 0.07070029668064715 -0.9973785438928433 -0.24548279467486217 1.0382416068227978 0.5317487400297667 -0.7462884850460864 -2.265023476676492 0.9659941966241452
24 240 0.5199594156805 0 56.892800827983926 0.9710504967279782 0.08767405059142708 -0.03116602090446069 0.23144658320955608 0.9535153762692179 -1.4837222914893755 -2.045424845950609 0.6321685025316692
25 250 0.49477800002295896 0 56.96063153991062 0.9934634795790743 -0.23262042621753798 -0.25670273108730574 0.31094538371605496 1.0219168418419864 -1.0108896066885915 -1.930127065722107 0.34658275307253783
26 260 0.4938700996972661 0 53.97209738223523 0.09513424990504693 -0.777798495399444 -0.3206572210799201 0.10177056274860022 1.1530254000205185 -0.7696683972161049 -1.0752540532584596 0.24519616918683637
27 270 0.5047442551009194 0 60.02728510996348 0.9679309197411808 -0.7004164846186388 -0.19327735770555665 -0.1912333825164418 1.9777865329480915 -0.8314015993883496 -1.319753544018115 0.19356307163560593
28 280 0.5060991875645917 0 57.68995583545183 0.5124325791124722 -0.7148663394358322 -0.09440831645598807 -0.11585947574847108 0.8591988201556388 -0.8856704305328381 -2.0078485096757324 0.7790823009026202
29 290 0.46878104929393066 0 57.2714298433781 1.0578301123782972 -1.022454796396979 -0.6640769612185158 -0.00889997242202098 0.9059521278551064 -0.5922103372276695 -1.7392394674165133 0.8720424093237256
30 300 0.4212233869392339 0 75.47239186918453 0.7108846631523212 -1.188795832191503 -0.3773676105774017 0.12588198094717945 1.2975480550386012 -0.2255840049889189 -1.2472215442417471 0.014133194727643239
31 310 0.4612056237678385 0 42.30661826365119 -0.15717912750727614 -0.8723424521132539 -0.005489382077443983 0.027599968320314562 1.0911807133477271 0.21181757200433893 -1.8331161912111387 -1.303457453705493
32 320 0.5128734708787125 0 51.87815519897802 0.22988553400829637 -1.1135392084295548 -0.1769238584561848 -0.21499398292522998 1.0677145725393467 -0.1637279541960835 -1.6690057339227258 -1.039466662020519
33 330 0.5107396935126319 0 66.74904220629892 0.8344069682809092 -1.1183346623388288 -0.18464556781940591 -0.1676752539842657 1.9069282327102028 -1.1485083070351358 -1.340024347707657 -0.6047439373640378
34 340 0.4829380917731945 0 60.35182723993221 0.8983173681231331 -2.132909114183451 -0.17208666022116278 -0.37183547997221533 1.3732991314277507 0.02566720754900917 -1.0080065807737129 -0.20577616862705173
35 350 0.5029319773070079 0 46.71941136416689 1.2085069703009181 -1.8321503346416728 0.0029491133072311604 -0.14918154739098383 1.051153537061339 0.5587057103987336 -0.9338448159837083 -1.0777278135068178
36 360 0.48485012408814376 0 50.37334211415058 1.0957799549887277 -2.1399839250361414 -0.018380613925819397 0.05118079026580112 0.39343226093382555 -0.052516104814173126 -1.305769680965689 -0.8477985721108622
37 370 0.45072504114841067 0 51.727919585277135 1.0634466425371216 -1.1262060410613177 0.18870972580974754 0.08481995237609706 1.1194231796340115 -0.7946744986155627 -1.601977475176166 -0.8369320030448909
38 380 0.4245144568541908 0 30.982958772868002 0.7780904677393297 -1.7324313245510083 -0.07062357313905038 0.044499900295912845 0.12344685481563511 0.009755215223062774 -1.0905865325239619 -1.0025317525140318
39 390 0.3696382329817778 0 47.2225422435716 0.9447235696965384 -2.041599721247449 -0.2756832862851145 -0.20902227643225546 0.8003957158307978 -0.138244524251878 -1.1933464972351768 -1.097391797411011
40 400 0.3766886497659511 0 36.63532176214805 1.0428293328162228 -2.2556452323859015 0.018920962099227973 0.018070161733353657 0.11641058719536135 0.0690194847242544 -0.8953281412948004 -0.7061265419090426
41 410 0.39486153104519917 0 48.82572725515555 0.9023074302790115 -1.7252003997521803 0.07333366697730428 -0.07166210738667632 -0.1558433449602713 -0.22485554806593333 -0.7066544975355109 -0.879777931422455
42 420 0.38020822837634505 0 41.22913995320896 0.6290060146661245 -1.8015960481813276 -0.023110185251691485 0.026608197846853802 0.12769815569063098 -0.7895591391395356 -0.9987081943206804 -0.9490278408871995
43 430 0.40119086130805887 0 45.43501108068632 1.0719341529429556 -1.101926785119193 0.02550670418291401 0.47944050017877354 -0.020214628626559344 -0.9607108520543072 -1.164485776520259 -0.28505000024326843
44 440 0.36887812273766757 0 36.784222109335204 1.0258466443350518 -2.2461603415256963 -0.09242719340116763 0.1819444307974934 -0.10543778363010699 -0.23875768793363727 -1.0583269314751966 -0.0013585956726677728
45 450 0.32016354709098227 0 46.2612497346869 0.8507815328674719 -2.0101536446977795 0.1957432838714374 -0.12354284922591867 0.3821737646007527 0.12818776966792944 -0.9024438918353704 -1.1328049647255445
46 460 0.30175992269767327 0 34.14071057795309 0.8718069813134635 -2.091743549416686 -0.08631683109636892 -0.0036460952212550397 0.10878539232181828 -0.19594189606527515 -0.8876833048068331 -0.2605547184748881
47 470 0.2691005953225491 0 44.1412409993471 1.0921002327179472 -2.098156122031857 0.07235898129051202 0.283134941847505 -0.017415977531290844 0.03515006490368411 -0.8538450605095845 -0.36921987023601016
48 480 0.250235606146732 0 31.078170862707708 0.9139013536667588 -2.0649059188549757 0.10405861901449671 0.057731425348026055 0.1676234087296371 -0.2867350809503634 -0.9830691563066469 -0.11544575433190546
49 490 0.24645775174504317 0 37.127789506753416 1.1672804828943508 -1.919234826025836 0.22474497440509678 0.027086258477870856 -0.04520915279472247 -0.035818628510055656 -1.0093004800078196 -0.340125354654141
50 500 0.24246764993540043 0 21.135396078722607 0.9282806069959785 -2.021951886421369 -0.0669227340320388 0.15248242244112473 0.1516280107002833 -0.09152194228932789 -0.8820424820089862 0.059675764512189006
51 510 0.2209819261913725 0 38.00658951966416 0.7119250048311835 -1.9200789681684578 -0.002094778467976519 0.19227646854493502 0.14386473472338795 -0.22435871316761818 -0.9871216851389261 -0.0467345047643979
52 520 0.20608591265400458 0 25.225230511823682 1.011096723454195 -2.0146106568864015 0.021138004089254116 0.04054882229942566 0.1841904853474905 -0.1570938122646311 -0.7768290870030317 0.032608663460156895
53 530 0.18261655345411343 0 21.94377749259864 1.1561523264214064 -1.9285228110484784 0.006302534654751651 0.12652730502204737 -0.05046628797538125 0.03987510986132714 -0.799117022611381 -0.010026810475286849
54 540 0.16623314724238514 0 20.03883808414315 1.063633248004022 -1.9716453088543866 0.0036807620618149336 0.12800931679681896 0.11690545066876849 -0.20669428823409922 -0.9794734658878725 0.0012730805268112572
55 550 0.1480816814348245 0 20.98113250974116 1.1832466589715933 -1.9495837961149527 0.023179473302860614 0.09705726851047462 0.1219496065026175 -0.1267180343112966 -0.951252925369211 0.034484624329241
56 560 0.1311264403366792 0 18.979659315127137 1.1190050785918513 -2.113574361226511 0.030762315356132608 0.0782178351890598 -0.055699394487708664 -0.011981659062593436 -0.8779648991829702 0.11635151126378976
57 570 0.1321036920320555 0 11.858356714305756 1.0546144542032239 -2.0287244086722125 0.06576735601195587 -0.028608594269144597 0.09205695911782011 0.08415584476438943 -0.9332483894153267 -0.025764206494160717
58 580 0.1203793168875776 0 15.276494156671902 1.0937764742696903 -2.0069696739213443 0.11723037765653864 0.023699945335865148 0.061653152224217016 0.058793246384903484 -0.8752849020856228 -0.052107541815837585
59 590 0.11714041007097442 0 10.292526147399897 0.9729730801967764 -1.9705721811322217 0.03151607872296938 -0.009323824437543773 0.015201096830142924 -0.08826476876544917 -0.8826029166368479 -0.004497953939339452
60 600 0.10755432379960655 0 11.65503657273878 1.0625550281234628 -1.9924805110576191 0.10559137490857534 -0.06510114333171109 -0.020174003950958384 -0.011813171135335546 -0.9093758884502474 0.03947852480440201
61 610 0.09625029309950439 0 9.0427679804652 1.0517936646077184 -1.975363286575138 0.07217239192413454 0.02279132750094992 0.0460911984700295 -0.046527114348700827 -0.954194851707937 -0.022966054548850166
62 620 0.09099245764519827 0 9.702422978248748 1.041325362638087 -2.0818206555918355 0.06234491373700667 0.005180106255747816 0.03845550994330238 0.04028644554609104 -0.976426533457774 0.032933333555222606
63 630 0.09351857785352742 0 8.408656727201674 0.949252617008458 -1.9547909742147411 0.04983229797000095 -0.022078669223073798 0.011076746235120893 -0.014542486292772345 -1.060187236512271 -0.038952674297972334
64 640 0.08857418913436821 0 8.544383793055616 0.9873311931575826 -1.9892564303501308 0.07703686002545236 0.00466132939851404 -0.008720531848969974 0.01747100289911823 -1.0107036063211141 -0.08117291328843765
65 650 0.08051596536711726 0 7.751887407687633 0.9990361984585768 -2.0523207409258255 0.048364649795916474 0.01725225416252252 0.010927419492676033 0.043180380101040895 -1.0174174251066 -0.001208579886132266
66 660 0.07336080382063115 0 10.76038346066332 0.9895037484676082 -2.0067681544501825 0.09034815604013337 -0.028888660839980596 0.021194715469316373 0.05662770842553102 -0.9913483983345319 -0.10896767104283411
67 670 0.06490725228098176 0 8.833471391591488 1.0705077712707334 -2.009609655373042 0.06900875109302111 -0.005858643782179486 -0.0005333878523646838 0.044688468421197364 -0.9797718444017395 -0.0385979659974239
68 680 0.06111892023760067 0 8.33242356454582 1.0741699263633557 -1.9902621046577584 0.06488340213232313 0.016062792625653972 0.008498421785127445 -0.010777702046275137 -0.9869243832418846 -0.032772880690956824
69 690 0.060688025075245 0 7.862114592711549 0.99898961309509 -1.9996752157677515 0.04889117965384719 0.0418266588935515 0.04970285600273522 -0.026313411644823745 -1.0383378270975263 0.01732773415872722
70 700 0.060412352045310584 0 7.244527380720314 1.0094550107218734 -1.9939629176568296 0.03526358239212845 0.009857235265709134 0.052440081455198725 0.005962447045984493 -0.9734334492675497 0.04061736541696125
71 710 0.05573877164113941 0 8.047550465222912 1.0528051311519733 -1.9605978223903413 0.05774304471428021 0.016193479922907636 0.045118341430856 -0.008296594670779436 -1.0196320147877542 0.006428078429949052
72 720 0.04780597128449125 0 7.1168301488909265 1.0281242076747223 -1.9804510204152725 0.020365428053525723 0.04311234088240935 0.023426899043149877 -0.0358079256856238 -0.9836076170855694 0.019504526866820655
73 730 0.04592411660814886 0 7.0382508595295405 1.0186416270811391 -1.9762477325101024 0.028499635182864302 0.040935009958339166 0.0006417137106194543 -0.03904807757455446 -1.0124348765543305 0.018449411838474917
74 740 0.043042991279291475 0 6.748312634709066 1.0214685166991186 -1.966176577076231 0.022826823057272894 0.035249105218111934 -0.006133270222420134 -0.018412701075808027 -0.9851733976941967 0.02083229756291187
75 750 0.04389582701432927 0 6.394998845516795 0.964791370460244 -2.011795606560704 0.024176912062725153 -0.0005531115315636978 0.009019353403955703 -0.005114995520283588 -0.9938713889940171 0.008213467086421346
76 760 0.043019932588963375 0 6.528302195172557 0.9731146974841386 -2.0009290367954713 0.022319211250467423 -0.0015251304701890192 0.0065943380305705755 0.004628644803483741 -0.9604210458130945 0.021677748136948123
77 770 0.04310921730902151 0 6.720441425351964 1.0036081377678672 -1.9716148219967955 0.034857281930894594 0.001121761400702555 -0.00922879895938659 0.03711108423403858 -0.9749104563569336 -0.01755344499348166
78 780 0.04209532582437363 0 6.422434762709287 0.9854375653978131 -1.9588134651203815 0.01992242064981469 0.008476535934019501 0.020615499221103513 0.006008504386330212 -1.0086493581239189 -0.010815864079053383
79 790 0.03811096176637268 0 6.715765759883723 1.0334206065250306 -1.958234151827625 0.020424487031919666 0.006220973637181363 0.015417203712646012 -0.014595755314861925 -0.9816215517784372 0.014423631311033976
80 800 0.03440753815400261 0 6.267995442151772 0.9998859910458874 -1.9755653829399005 0.013857479033435531 0.02182073476315026 0.008754520685335505 0.001381271456314703 -1.0084946422348349 0.018587999781110358
81 810 0.031742133441751294 0 6.343066480627243 1.014787592769008 -1.9867958193001758 0.025077700794075973 0.004159666594282858 0.011083424977148969 -0.008519396811128113 -0.9761416430380956 -0.016911094104770787
82 820 0.031238714236052158 0 6.287387302788204 1.0034563170052195 -1.9808927652612556 -0.0021212385528792156 0.02496190966814412 -0.021950942736151956 0.0018414481948287563 -0.9813811229502187 -0.012372878936038076
83 830 0.030232993280568887 0 6.1814852524394155 0.9903226939425509 -1.9657339097163706 -0.005218991979631618 0.013861916878242338 0.0003723992018678439 0.0025531122900466674 -0.9868953984932891 0.013212986717154335
84 840 0.02786584256769887 0 6.173758590624544 0.9795170839547568 -1.992143112374846 -0.002049963446736304 0.02449767853142329 -0.00913229930019745 0.0046687869476782174 -0.9986757546904944 -0.007957336595555064
85 850 0.026436371057441763 0 6.11046945816733 0.9934666187345838 -2.011317760506243 0.0030068314399829157 0.004624182768359745 0.00867591632488863 0.011627869676856577 -0.9969483580021029 0.0020997857075313025
86 860 0.025920253292350027 0 6.081665361589472 0.989957942938168 -1.9728300405914971 0.006058088089580933 0.0022215204567351595 0.005828904515489557 -0.006197081997509221 -0.9845026973773194 0.005068604250207864
87 870 0.026182024859227302 0 6.075935372333305 1.0023561034015243 -1.98629326292424 -0.005938734144132286 0.010401945845821485 0.008096910661275948 -0.012270487062587722 -0.9864183899304539 0.005929352432561387
88 880 0.025568590515997257 0 6.094775634755422 1.0105686487337942 -1.982500687499216 -0.00732709109260091 0.007587573537280463 0.0019465893932347454 -0.0002544083934671402 -0.9860688685185687 -0.011742327566646539
89 890 0.026038894990690592 0 6.125386320869168 1.0059737866823795 -1.9834348578563514 -0.013656261562284909 0.013247775722564359 -0.010135471585149264 -0.0014870068206695379 -0.9879542785815948 0.010280653097903263
90 900 0.02349059094800453 0 6.039292428751963 1.001287859606574 -1.9934206919485085 -0.005682786439767679 0.004156149923405585 0.011394239134213903 -0.0005079175554629414 -1.0012293824507708 0.008905353917060425
91 910 0.022362861887678852 0 6.075456343426723 0.9806219648788984 -1.992579491866062 -0.0054198441351683765 0.012259711227860065 0.001936207197150988 -0.008763338542593547 -1.0026094620232346 0.0014010887519818544
92 920 0.021193715778690038 0 6.086098258816605 0.9989928729251792 -1.9831308741263183 -0.0039962481793431774 0.008074223372983316 0.018475761603867658 -0.00826611095840588 -0.9943165342463948 0.005787899781904696
93 930 0.019786420818149467 0 6.083334188402233 0.9798307927897631 -1.9951009854559068 -0.004641739275310448 0.01019399204891245 -0.003885249098387075 -0.00543427499037343 -0.9920346346132977 -0.011780245933234384
94 940 0.016845991667470497 0 6.0267862465844075 0.9849662946169325 -1.9878072209144433 -0.007653461708209187 0.003003272194281206 0.003012434653604989 -0.005089996439496195 -0.9875233311906131 0.005059206852767524
95 950 0.014871841253275283 0 6.011511425548235 0.9961855591744867 -1.9854547032886847 -0.007159685131433884 0.00761505253408268 0.0006295947124657416 -0.008371968255186229 -0.993353124082896 -0.002627688611550141
96 960 0.013968744228791637 0 5.990904090934748 1.0010600953879736 -1.991935850494344 -0.0018694964913204565 0.004133080591903586 0.00025592602596253417 -0.005277647190601947 -0.998805624853748 0.0014268175090236205
97 970 0.013816253672628296 0 5.982160764544233 0.9997895270901902 -1.988839765041514 0.0004725847280672357 -0.0006696395124778523 -0.00143234547781841 -0.0018998210842786723 -0.9995010877042239 0.003334734961225155
98 980 0.013109670020117838 0 5.990889516460783 0.9850430193418399 -1.989850833512423 0.002123172746068249 0.00021737075517399922 -0.0016751423471460536 -5.6074137342743656e-05 -0.9956513231929516 -0.0007318795687196917
99 990 0.011620580691109321 0 5.9898895856635335 0.9934724475111393 -1.9951911842119092 -0.0010201678633234242 0.0015404278525718983 0.004256582701038708 -0.0010896735841550414 -1.0019320162087717 0.00038051367874714927
100 1000 0.01080234689688337 0 5.977998809566358 0.9896548540718605 -1.9892277383282584 0.001909299728982029 -0.0011952471576202864 0.0016457683478835338 0.0021347834275824576 -0.99572122044093 -0.00029933264392017545
101 1010 0.010268003684433716 0 5.980758175536224 0.9905047373034479 -1.9921706184229526 0.0037434682933612175 -0.0014689749824830828 0.0010532215737146335 0.0004225118761143529 -0.9958766410632852 0.0035040376411216087
102 1020 0.009122020469667846 0 5.9773990455000074 0.9951699752409879 -1.989572558994175 0.00025880733760508994 -0.0008249214318681989 0.005619378906981991 -0.002346255479640967 -0.9951492843441428 -0.0007322157896056775
103 1030 0.007775128046642097 0 5.980689685401757 0.9930376497229776 -1.9899955690009683 0.0017349429355253752 -0.0005429483538594247 0.006293143743692072 -0.001058900837468237 -0.9976620685996367 -0.00034622801578217555
104 1040 0.007105774240496335 0 5.973268093649693 0.9919835244589889 -1.990508875880777 -0.0026062262054762572 -0.000616302853985997 -0.0008251590427815155 -0.0006779093977399278 -0.9953957137744465 -0.00018129799257593013
105 1050 0.006649616510689302 0 5.9778233652236 0.9964896083690755 -1.9860079868127052 -0.001196315912318066 -0.004124592914133623 0.0006113409117179485 6.707285744317185e-05 -0.9970285939830313 0.00021603359845214637
106 1060 0.006353721885485523 0 5.97416841000954 0.9935750102175501 -1.9901243228880423 -0.0030293368240339427 -0.002494248135584791 -0.0005877472797243821 0.0012559924731689804 -0.9964340443242891 0.0009054211864956265
107 1070 0.006094589575240121 0 5.973454257875744 0.9963304966736838 -1.9886922681633639 5.9479814302829895e-05 -0.0007975969749497369 -0.001045794217276321 0.0018721465371346032 -0.9981300655574021 -0.00012494359853400662
108 1080 0.00523795763470659 0 5.972093809279784 0.9940711367477078 -1.991269550129307 -0.0010045017027445699 -0.001529385109046929 0.0010221836173975806 0.001657157655670846 -0.9962672849476005 0.0005835264229580473
109 1090 0.005104518710094507 0 5.972290163669058 0.9935232904426067 -1.9902615871341498 -0.0009777500809325438 0.0003381183930027487 -0.001795807725097602 -0.0004300846899568619 -0.9947662602148364 -0.002471723540473792
110 1100 0.004933585561523912 0 5.971428687663845 0.9944021184544942 -1.9887058403753677 -0.0018954187677046404 2.470935868719164e-05 0.0004814772373831302 0.0005301940297751232 -0.9938756284772791 -0.0011936702812241704
111 1110 0.004680162899425949 0 5.9728867749145 0.993146490341372 -1.9922466971652504 -0.0010683741173189013 -0.0002754121579317618 0.00026903670784590424 0.0022083377153977813 -0.9952354406006483 -0.0009216062453640484
112 1120 0.004171620301683605 0 5.971089692548404 0.9955103222767444 -1.9899069334678168 -0.0001621438318383379 -0.0015287097918749587 -3.324523358573674e-05 -0.001068580175783575 -0.9966049519186795 -0.0004863686091920391
113 1130 0.003807339385367745 0 5.9711148803575185 0.9958442142215935 -1.989974530920779 -0.0009655755658329532 -0.0006159890177080123 0.0011627724941769952 -0.0010331182472667825 -0.9964959399710694 -4.43334759880436e-05
114 1140 0.003610111253228709 0 5.970220804508017 0.9946870379252544 -1.989246666704561 0.00032453938289839874 -0.0011075748041664449 0.0003649772629370604 -0.0005155331277374768 -0.9946672027823472 0.00021191286886623533
115 1150 0.0030090411993551713 0 5.971107363238005 0.9953884130529129 -1.990101781770427 -0.0016417607289953688 5.310093682933182e-05 0.00040418499235820595 -0.0002876255636649593 -0.9963029665012839 -0.0013689865545338346
116 1160 0.0027652445752010964 0 5.9701664109410615 0.9954400986968847 -1.9893828304671102 -0.00033444800354367674 -0.0002750353964169613 -0.00045881081067202596 -0.00038032054152141014 -0.994988658466584 -0.0010234751917918407
117 1170 0.00260200872533355 0 5.97005479395429 0.9945800278572349 -1.990472130684184 0.00012503970150493625 0.00020444484142407145 0.000716227764739301 -0.0002490392838304978 -0.9952671659333833 -0.0005967378452214982
118 1180 0.0024110557393705176 0 5.970413098446812 0.9945537885086402 -1.9892784174994587 0.00034974048802007506 -0.00038427895452414695 0.0008491015164831327 -0.0012301023907066223 -0.9951862424339145 -0.00047463846418323676
119 1190 0.002161068556943785 0 5.970052023970254 0.9943052044662444 -1.990156851516105 -0.0005680956784693512 -0.00046118502091761695 -0.00044084699907238705 0.00028521308276194745 -0.9952610032546659 -0.00037000410091318986
120 1200 0.0019360633476396643 0 5.970165912310648 0.994210071555412 -1.990228645046194 -0.0002174194750504913 -0.0006041563359825456 -0.00071996375606303 0.0005503600447095705 -0.9953795607997868 -0.00017130690758237213
121 1210 0.0018330218493100544 0 5.970037225414359 0.9943837497169649 -1.990011400682313 0.0006113400996408988 -0.0006083096294974754 -0.00034437838914253525 -0.0004878763451975363 -0.9948614435968601 3.6058187323806856e-05
122 1220 0.0015861825755195552 0 5.9698965125662085 0.9948790856146174 -1.989841051475801 -0.00026501112773679835 -0.0003304763654920051 -0.00038189730719780286 -0.00016585394934438743 -0.9950757410408273 -0.0006034218494655416
123 1230 0.0015207391169112668 0 5.969888367131375 0.9954394286589626 -1.9893803197531688 0.00021835885644175978 -4.329381185144633e-05 -9.888019628801777e-05 -0.00033999570316178965 -0.9950229732068078 9.209859896867472e-05
124 1240 0.0013916931041591423 0 5.969895090520268 0.9950337243619776 -1.9899593920093994 0.0005662513817548806 -0.00019116435936285356 -0.00015681146853294703 -0.0002639252882392235 -0.9954828672431183 2.9372110266270862e-05
125 1250 0.0012077352272927184 0 5.969872981523537 0.9945432106037794 -1.989773551804085 0.00015265563514395305 -0.00018444192856453628 -0.00010927095421072036 -0.00025397155844559584 -0.9954832617614984 -0.0001511508315254857
126 1260 0.0011643363779472388 0 5.969865268002891 0.9949030601473021 -1.9898645961811494 0.0004083060284189907 -0.0001170328233480121 9.038890039411121e-05 0.0003232086792799229 -0.9954880277441913 7.74310639464903e-05
127 1270 0.0011463783843552833 0 5.9698543905108465 0.9953021730126567 -1.9900184413101925 -0.00027378312042225153 -0.00025306814038235424 -2.377363838168801e-05 -0.0004421636809950456 -0.995034971189699 0.00024407172794761256
128 1280 0.0010117076724543538 0 5.9698742890367384 0.9947815910382573 -1.9897498037228847 -0.0003322779194385604 -0.00044457485631821923 0.00017013474971308047 -0.000233294320566138 -0.9953459899579171 0.00017586526598875967
129 1290 0.0009751779807066272 0 5.96981709929608 0.9949457904165439 -1.9899084316705022 -0.00039863346955822804 -6.108629342497135e-05 9.388447533982182e-05 -8.99409520970924e-05 -0.9952199162629942 -0.00030620797269582305
130 1300 0.0009593434782259843 0 5.9698171614609805 0.9949709025570637 -1.990011558263397 -0.00041605590564526844 -0.00014643362715891504 0.000244831367619102 -3.310019686041564e-05 -0.9951744768405242 0.00017288744810175399
131 1310 0.0008407391471581284 0 5.969794628604177 0.9951531448150336 -1.9899445214079985 -0.00022723440681853192 -6.86712325276324e-05 3.1640138897126265e-05 0.00021016386846431254 -0.9952147469333352 -0.00015006493160851697
132 1320 0.0007717267330919321 0 5.969774361541198 0.9948673018392495 -1.9898702042130936 -0.00011053605104326671 0.00012481344830085828 0.00016591379983791 -5.9431487122114856e-05 -0.9951701129952107 -0.00011243762345753241
133 1330 0.0007449900093420654 0 5.969774539421678 0.9948685890636334 -1.9898502389515818 0.00010522261044097978 3.270038986827209e-05 0.00010551688231415866 -4.348811881065099e-05 -0.9951845776623885 -0.00019764972605501837
134 1340 0.0007298848387926305 0 5.96976499133217 0.9949691001777152 -1.9899006239831547 -9.394262289737687e-05 0.0002035481674973765 -0.00011779280496642296 -2.249182594106974e-06 -0.9950528239159746 -7.629389809185508e-05
135 1350 0.0006750416322406947 0 5.969775736638454 0.9948323424832728 -1.9897938304424714 -8.411846642710714e-05 0.0002874814453414343 -3.9714040974793186e-05 -2.0377971723565577e-05 -0.9949938466265998 -0.0001017060843893846
136 1360 0.0006220953627856166 0 5.969785523957853 0.9950271384929811 -1.9896927723129045 8.589274671974547e-05 5.177263312355168e-05 0.00011475134345269848 -7.661318403851359e-05 -0.9949582473810045 -0.0003173524243194224
137 1370 0.0006010796574708634 0 5.969773141780877 0.9947837984869423 -1.9898674251612314 0.00011448954326360003 0.00019871574761139784 -5.690668422487675e-05 -0.00016669145167958973 -0.9949313323943224 5.682297079005745e-05
138 1380 0.0005548918342742862 0 5.9697612838371015 0.9950956580605038 -1.98983895930805 7.476983494057352e-05 -3.160541904810105e-06 1.8812827866191448e-05 -7.822022147594413e-05 -0.995037493471321 0.0001340490912430498
139 1390 0.00048542162829235053 0 5.969761177371254 0.9948226120006236 -1.9899128742738261 8.538360148522552e-05 0.00011199279060731323 -5.286353312287323e-05 0.00012013610602468793 -0.994893918169721 1.0188529756251634e-05
140 1400 0.0004370484345984989 0 5.969753270348463 0.9950336079353655 -1.9899147628502745 7.566141388707745e-05 6.283943583083431e-05 5.670229507442278e-05 -3.585865316097557e-05 -0.9949500057551579 1.0755481271679753e-05
141 1410 0.00040903580730066255 0 5.969756196304047 0.995001741905645 -1.989932960435091 0.00015277878034449012 -1.1725527716941706e-05 8.534805417731127e-05 1.033501067432881e-05 -0.9949983409616301 2.4038352628072546e-06
142 1420 0.000370092919948669 0 5.9697544601623065 0.9948917547024897 -1.9899088586267377 4.5925438702741484e-05 4.23429913445916e-05 -4.0945153468665126e-05 -4.422234381277389e-05 -0.9949616040956883 0.00011815493488627772
143 1430 0.00035488800366705243 0 5.969753852020688 0.9949590367925437 -1.9898787163721767 -1.6256088553156942e-05 2.1048714524087757e-06 1.655333865190383e-05 0.0001433747209382355 -0.9949780020535838 -1.8042841817636067e-05
144 1440 0.0003024659886077882 0 5.969753044064021 0.9949497803895841 -1.9898849492245283 9.012558726840538e-05 3.1046542999430956e-05 -1.710290754902907e-05 3.660642006484424e-05 -0.9949246450217525 7.843987877895631e-05
145 1450 0.0002808434034884595 0 5.969750994955902 0.9949661118761502 -1.9899487470022648 -1.268861922856679e-05 -1.540400927792316e-05 7.40122968068204e-05 3.141960109969739e-05 -0.9949632378559776 1.5770953506828334e-05
146 1460 0.0002684734078931708 0 5.969750237263142 0.9949441457165854 -1.9899025561779689 2.99134801344532e-05 -6.683063826299523e-06 -8.121589006205618e-06 1.2797718335225636e-05 -0.9949041915185382 -1.6276064255791475e-05
147 1470 0.00024430482322318855 0 5.96975066805382 0.9949722510831973 -1.9899508660243859 -1.400080443141073e-05 -3.3243813303592814e-06 5.680361612741404e-05 2.6484661612592687e-05 -0.9949321037430713 -1.892721641493783e-05
148 1480 0.0002305256777971344 0 5.969750387518417 0.9949945925360237 -1.9898828572434186 -1.8864734118586654e-05 1.7478132502768222e-05 -4.0301715865175575e-06 4.3488067634561195e-05 -0.9949833645698146 1.115671085876714e-05
149 1490 0.00020893456986958512 0 5.969750685697733 0.9949804297783397 -1.989944811684985 -5.7253240767574086e-05 -3.196818602241947e-05 1.8223765624232647e-05 2.7038344453468963e-05 -0.9949659394941208 -3.2420829933956612e-06
150 1500 0.0001881270760351298 0 5.969750774224309 0.994978844283332 -1.9899468422473723 -5.6135271715294237e-05 -2.066106464551301e-05 -2.3098849064067743e-05 2.8959696866233306e-05 -0.9949737215707717 -2.501636331552477e-05
151 1510 0.00017570453791788035 0 5.969750899927334 0.9949951937209865 -1.9899250095709096 -6.537718253978352e-05 4.343105020316556e-06 1.673278421719179e-05 -1.0134537882094437e-05 -0.9950014373410739 5.946354068954374e-06
152 1520 0.00015792038483344338 0 5.969750390279913 0.9949631839363129 -1.989886349190887 -2.4993514717340604e-05 -8.93920895191649e-07 1.2175264722650038e-05 3.1711196487966145e-05 -0.9949584345561042 -5.479970161503777e-05
153 1530 0.00014418112429373997 0 5.969750325593424 0.9949462495145791 -1.9898787335341157 -5.7259171610409526e-05 -1.1136037868218057e-05 5.260630041317324e-06 -4.827824889106755e-08 -0.9949784988207987 -6.9035017082014065e-06
154 1540 0.00013323628443918703 0 5.969749728520867 0.9949742354664318 -1.9899267050711118 2.041039931900793e-06 -2.3517851524948472e-05 -3.3079829794449786e-05 3.816045144937698e-06 -0.9949545355582722 -9.94910104851124e-07
155 1550 0.0001243049017955351 0 5.969749797723097 0.9949841902421702 -1.9899160203224893 -1.5173162617967556e-05 -6.012396151587951e-06 -3.081681451388045e-05 1.8966313484665927e-05 -0.9949673511682688 1.289617477567746e-05
156 1560 0.00011354813603368318 0 5.969749820797233 0.9949698554325206 -1.9899001178483 -5.538577898668327e-06 -7.234099270881734e-06 -2.958001775081597e-05 6.454439782407248e-06 -0.9949866812975128 2.330705118698376e-05
157 1570 0.0001050140737435505 0 5.969749716642127 0.994945090411476 -1.9899212899487917 1.7674649713689147e-07 -1.478686496475919e-05 -3.4702611504701226e-05 -8.768910246656507e-07 -0.9949406673925664 -8.026198353695926e-06
158 1580 0.00010124588555065721 0 5.969749556101561 0.9949459398156804 -1.9899186204133155 1.2528139398650662e-05 -8.13186682687631e-06 -1.6243008720613644e-05 9.482254992877472e-06 -0.9949415916832675 1.4066903211637276e-05
159 1590 9.56623924108125e-05 0 5.969749561239823 0.9949421025300813 -1.9899028535677556 -1.7124796010487486e-06 -9.105254731111948e-06 -1.9643817108442385e-05 -1.4235065678287626e-05 -0.9949560449905128 1.5834517985405156e-05
160 1600 8.886704289637817e-05 0 5.969749413470524 0.9949554527795298 -1.9899142687697178 -8.0952351781108e-06 -1.887820105954359e-05 -2.8725039566258248e-06 4.476418089778778e-06 -0.994962941934411 8.065810568279489e-06
161 1610 7.83702624975242e-05 0 5.969749522856375 0.9949716391628936 -1.9898997094217594 -1.1006614258331648e-05 -7.580430492256936e-06 -3.2994815749203037e-07 -7.898464846929346e-06 -0.9949359104511241 -4.067922073111272e-06
162 1620 7.900386710283566e-05 0 5.969749525960424 0.9949775238928134 -1.9899086528915426 -1.136047018177326e-05 -1.0313477489056365e-05 1.585277386987585e-05 -8.721002453345802e-06 -0.9949521031635283 1.1844055448996315e-05
163 1630 7.496218401349172e-05 0 5.969749504773446 0.9949565705234296 -1.9899001785588786 6.4505046854139885e-06 -1.7543753927049898e-05 1.4453793415302217e-05 -1.155263149187467e-05 -0.9949646753278824 1.1435029042014207e-05
164 1640 6.592536386946581e-05 0 5.969749370354023 0.994955057438668 -1.9899142803692964 6.410893241096187e-06 -3.098467573070607e-06 -1.0529986721056655e-05 -2.191138718887146e-06 -0.9949476589624993 5.184642663185062e-06
165 1650 5.91292683583626e-05 0 5.969749343588063 0.9949690115722359 -1.9899146121056663 -7.715939234548844e-07 -3.559649549841366e-06 4.68396126146623e-06 -1.1854834415288017e-06 -0.9949635097688916 4.718488501254597e-06
166 1660 5.418439328631196e-05 0 5.969749336966885 0.9949560232882442 -1.989917702097033 -5.784824182625943e-06 -3.833374352370719e-06 -4.499886220003485e-06 7.297719501278066e-06 -0.9949569188496724 -1.0698272648252432e-06
167 1670 4.4219329576767696e-05 0 5.9697493447477115 0.9949668174849944 -1.9899179387878496 -3.911922038279958e-07 -5.797239515874151e-06 -5.643615354038532e-06 -2.315418578233269e-06 -0.9949606121853655 5.237156550428873e-06
168 1680 3.87027537721228e-05 0 5.969749331138601 0.9949556417096503 -1.9899172178373852 -1.6458098376768166e-06 -3.953689485901848e-06 -5.859245250774984e-06 2.4742183168209404e-06 -0.9949524066706654 1.3029467394681427e-06
169 1690 3.49010212339268e-05 0 5.969749311731761 0.994957253897342 -1.989907454336045 -1.909938886789621e-06 -1.7662548303672076e-06 6.415087085121605e-07 -9.471343295450932e-07 -0.9949573585230382 9.036702755047594e-07
170 1700 3.066691524985395e-05 0 5.969749320874513 0.9949543040341545 -1.9899153014363848 -1.5617304199287622e-06 -4.575237179349483e-06 2.2574525011469977e-07 1.0724150495815302e-06 -0.9949583644887003 5.339718208573247e-06
171 1710 2.6631246976794203e-05 0 5.969749309326346 0.9949580002408097 -1.9899108698402992 4.832625304114253e-07 -3.2211867414521587e-06 -1.6474529612965823e-06 -1.3676248215578737e-06 -0.9949588885087978 2.3653108748033907e-06
172 1720 2.4477469873124627e-05 0 5.969749311338319 0.9949555767323663 -1.989912062496055 2.9751775929132658e-06 -2.3248334285274816e-06 1.272879783571065e-06 1.877310342320429e-06 -0.9949605446058125 9.088972388113013e-07
173 1730 2.3260707410322768e-05 0 5.969749310784792 0.9949622010829492 -1.989910297539143 1.756099984184097e-06 3.4676092641838424e-07 9.883690940667124e-07 8.125657417295255e-07 -0.9949598475922335 2.7799420331742077e-06
174 1740 1.9953767933487335e-05 0 5.969749318259744 0.9949572642703527 -1.98990764494841 -1.3809275296919308e-06 -9.74932554261486e-07 1.3556596298514049e-06 4.529321356500008e-06 -0.9949606125699053 4.016837179493652e-06
175 1750 1.870246725632745e-05 0 5.969749308642406 0.9949592599132295 -1.9899142447456237 2.022102601887399e-06 4.6954329932884197e-07 -1.2270201145669676e-07 1.6624922913411947e-07 -0.9949614833981775 -1.672522203666064e-06
176 1760 1.7308526376532657e-05 0 5.969749308104696 0.9949599424566093 -1.9899113168743428 -7.187047175701267e-07 -3.445278557757348e-07 1.705790350893966e-06 -6.211578737719774e-08 -0.994958061948764 -3.245875159600192e-06
177 1770 1.5516627286832607e-05 0 5.969749307239908 0.9949586667037706 -1.9899106614972877 -1.70230616401163e-06 -1.4863121231401087e-06 5.448480958143428e-07 8.881469757458835e-09 -0.994959155197312 -2.1114224189488815e-06
178 1780 1.3175633243584012e-05 0 5.9697493052268555 0.9949578851355294 -1.9899112312269316 1.6195982130951636e-07 -2.457416818469575e-07 -6.163550675400179e-07 3.722984763774701e-07 -0.9949581132905032 4.163351152371948e-08
179 1790 1.217192769476063e-05 0 5.969749306842957 0.9949578866162243 -1.9899111376158574 9.830216221683838e-07 -4.526795956901264e-07 -1.6732409165079666e-06 1.086653567437246e-06 -0.994957967118837 -1.7979598217480697e-06
180 1800 1.06423250062973e-05 0 5.969749306099743 0.994959658494862 -1.9899102370133976 7.581115586039513e-07 -5.270383223070245e-07 4.016059944983059e-07 4.2805438942992143e-07 -0.9949585888092599 -7.940790756628837e-07
181 1810 9.784331708865245e-06 0 5.969749305828202 0.9949605186559605 -1.989912140214173 -1.5479765140879868e-09 -2.7313326231839898e-08 1.2305540783059805e-06 -4.7603895048183964e-07 -0.994958959242199 3.0267230446468237e-07
182 1820 9.11694029458055e-06 0 5.969749305806616 0.9949593398650031 -1.9899122180809012 -9.488547435330218e-07 -1.0700095831444488e-06 1.522085493706881e-06 -2.779849203592152e-07 -0.9949579815213431 1.0135207820517508e-07
183 1830 8.76469105253038e-06 0 5.969749305703175 0.994959881534207 -1.9899135046978067 2.993284095010158e-07 -4.3440749295668675e-07 -2.3582368925134257e-07 -4.7551258861202383e-07 -0.9949583196103216 1.0157357005985056e-06
184 1840 8.414606405808412e-06 0 5.969749306134233 0.9949590225704011 -1.989911937606408 -1.2204077163686574e-06 1.0490749241315139e-06 -4.956414877508464e-07 -7.543330592257935e-07 -0.9949568681879944 -5.046286341211359e-07
185 1850 7.246629272376473e-06 0 5.969749305112742 0.994958502987488 -1.9899126796194473 -4.137813807123051e-07 -5.446563749965702e-07 2.1248508908977508e-07 9.694462516255374e-08 -0.9949576766280138 4.6196485293112253e-07
186 1860 7.101062960005175e-06 0 5.96974930516771 0.994959105319455 -1.9899128164959226 3.282802234141516e-07 -1.3112377268623509e-08 3.7885129923654966e-07 -4.000511037287996e-07 -0.9949591263347116 9.719980830882957e-07
187 1870 6.620996338485874e-06 0 5.969749305221313 0.9949591148661644 -1.9899116361387295 -6.957653620425853e-07 1.0230700386044187e-06 1.1333494120063002e-07 -3.050321913277394e-07 -0.9949582329308757 1.956861641240468e-07
188 1880 5.683755817974944e-06 0 5.969749305018098 0.9949591332992211 -1.9899116085173039 -2.770002121274394e-07 8.947830429791453e-08 3.94357173908615e-08 -2.656961391026539e-07 -0.9949585429415235 7.725988951082506e-07
189 1890 5.581322529944034e-06 0 5.969749305233023 0.9949591083478336 -1.989912547811321 2.4472096605892617e-07 7.138016441478607e-07 1.2075466635546794e-07 -1.1554145338567836e-06 -0.9949583680386272 -4.1251635539132594e-07
190 1900 5.202275974413085e-06 0 5.969749305021082 0.9949590875881177 -1.989912384610531 -8.755273688897438e-07 1.26619460639277e-07 -3.6985187830199263e-07 -1.2548744695036588e-07 -0.9949582270877259 -2.912228608262029e-07
191 1910 4.934696271710456e-06 0 5.969749304925273 0.9949586067962529 -1.9899122402650224 1.7990240424693467e-07 2.86607198592594e-07 3.998936798715013e-07 -3.1502062770502636e-07 -0.9949593683804963 1.4867370362808965e-07
192 1920 4.341958426125334e-06 0 5.969749304837762 0.9949586842881788 -1.9899121723877797 -8.928333320861663e-08 -3.258400403314138e-07 3.899886968844066e-07 -3.152399075642751e-07 -0.9949587334324197 3.29746997202271e-07
193 1930 3.7336055771869066e-06 0 5.96974930481764 0.9949587785963995 -1.9899123363663902 2.3123132457944992e-07 6.819062408436114e-08 3.7732461564782785e-07 2.3433884086494853e-07 -0.9949587934878825 2.7903571698090636e-07
194 1940 3.5587506599103626e-06 0 5.9697493048662835 0.994958772100235 -1.989912486710673 -2.4072764702510344e-08 -2.2995590573724477e-08 -4.1479230595351184e-07 2.0817338505933208e-07 -0.9949581059386701 2.2821176410029362e-07
195 1950 3.122178703223655e-06 0 5.969749304825513 0.9949591708584239 -1.9899123487367045 -1.7430798887833003e-08 -1.2384627967338353e-07 -3.793930442578255e-08 -2.3120481675863718e-08 -0.994958966388931 6.793751538589239e-08
196 1960 2.741996984429462e-06 0 5.96974930480124 0.9949587990910627 -1.989912331647741 4.702813850133712e-08 -1.0062950281180247e-07 -1.4929244572374308e-07 4.798682890738036e-07 -0.994958658390532 -6.543767506607796e-08
197 1970 2.411428604774312e-06 0 5.969749304810421 0.9949589781421213 -1.9899121887946616 4.402070780857825e-08 -1.2963266899219812e-08 -3.7929672290033883e-07 2.2502937397378698e-07 -0.9949586658784844 -1.9059047767764658e-07
198 1980 2.093016665635905e-06 0 5.969749304794092 0.9949587410104481 -1.9899121257172696 3.4177248326605816e-07 -2.1718235314277674e-09 -2.1174447174195217e-07 3.1625987948134615e-08 -0.9949586001374741 2.8781700795552504e-07
199 1990 1.8686350425942741e-06 0 5.969749304802434 0.9949586190422915 -1.9899118963173987 3.1229251269447353e-07 -6.714306715699974e-11 7.305367768221649e-08 8.72602146576623e-08 -0.9949588281352478 2.250245817569739e-07
200 2000 1.7396736811534489e-06 0 5.969749304795002 0.994958838798589 -1.989912267813793 3.248721184527139e-07 5.5932981956456415e-08 7.894066649528786e-08 2.928134212968856e-07 -0.9949587406435202 1.4493093986765214e-07
201 2010 1.5618266876497079e-06 0 5.9697493047738135 0.9949587367218967 -1.9899119456962173 1.3100228714301943e-07 4.860351845392567e-08 -9.264402228234098e-08 1.6092694140386694e-07 -0.9949584966002379 -2.4094957999238846e-08
202 2020 1.3051420687598838e-06 0 5.969749304784557 0.9949589753530018 -1.9899122318936757 2.3762212964094324e-07 -2.450015204913348e-08 -8.230956906749082e-08 1.5096395253880482e-07 -0.9949587413389304 9.91462190080089e-08
203 2030 1.1936622251362397e-06 0 5.969749304768413 0.9949587778333924 -1.9899121733484826 2.512818040721357e-07 -8.039574466139417e-08 -3.766791173763414e-08 1.6313556419275597e-07 -0.9949586538690245 1.3659889884246997e-07
204 2040 1.2069285171289494e-06 0 5.969749304756647 0.994958683099061 -1.9899122888574425 1.7594904178828962e-07 -5.976287974616322e-08 -4.8971704537297346e-08 1.3881134373236606e-07 -0.9949587721253098 3.387209421522077e-08
205 2050 1.1837953668574188e-06 0 5.969749304759134 0.9949586644550382 -1.9899121161919693 1.1734976516742945e-07 -6.212023662165112e-08 -1.91926575186884e-07 1.1712898435422752e-07 -0.9949585464125807 4.517729277796618e-08
206 2060 1.2224858141869837e-06 0 5.969749304746202 0.9949586901914328 -1.9899122845933668 4.096783015471265e-08 -3.6111209238902296e-08 -1.0465130471991047e-08 7.707561196324641e-08 -0.9949585398201659 6.301229163452292e-08
207 2070 1.2824308604033513e-06 0 5.969749304749172 0.9949586956086399 -1.9899120866141873 -6.557508679516618e-09 5.828937776433296e-09 -2.3405082916574633e-08 8.630153979988405e-08 -0.9949585411707911 2.2444320118901663e-08
208 2080 1.127332573150393e-06 0 5.969749304745562 0.994958743546115 -1.9899122260679576 3.2879709073829824e-09 -3.22877343558303e-08 -4.619913110590307e-08 9.174985015095662e-08 -0.994958609869266 3.1750584123904883e-08
209 2090 1.0647299930834933e-06 0 5.969749304746742 0.9949586204265004 -1.9899121118007048 1.5684333608251048e-08 2.3675251436172978e-08 -6.817892465778183e-08 6.317886313667376e-08 -0.9949585727670696 4.287642644941317e-08
210 2100 9.937866332951391e-07 0 5.969749304751218 0.994958675611622 -1.989912298149075 -1.6813913641005063e-08 -1.1081538210408951e-07 8.913756336693563e-09 9.014699080268485e-08 -0.9949586606924915 1.6206116732516383e-07
211 2110 1.0103953312538266e-06 0 5.969749304746557 0.9949585809701142 -1.9899121043464634 4.113091178313954e-09 -1.3573281444396437e-08 3.6480104402385675e-08 4.476868928249251e-08 -0.9949586159298924 -7.616993724569282e-08
212 2120 9.264082974812582e-07 0 5.969749304746244 0.9949585388228069 -1.9899121676530303 2.321051324392164e-08 -6.305923913650672e-08 9.062403741142457e-08 1.403227396802641e-08 -0.9949586357114213 3.14550806948351e-08
213 2130 8.123042342730985e-07 0 5.969749304746415 0.9949586160915882 -1.9899121595413454 -1.8844336199889632e-10 -2.4258661542985908e-08 -4.792718049152346e-08 8.325596326227212e-08 -0.9949585226085338 1.5559906059575693e-09
214 2140 7.443835301341384e-07 0 5.969749304745278 0.9949586125350769 -1.9899122047768172 -8.824399547434762e-08 2.5151168131338453e-09 1.4283689513782936e-08 7.337698278006537e-08 -0.9949585560135293 4.188795481826693e-08
215 2150 6.635511877014045e-07 0 5.969749304744724 0.9949586490605746 -1.98991223737434 2.3668295182072943e-08 4.540343998003645e-08 6.455125280991403e-08 6.495697030250293e-08 -0.9949585427256709 -1.5850887473887195e-08
216 2160 6.77404684605254e-07 0 5.969749304742635 0.9949586683672538 -1.9899121799221684 -1.8215767143487683e-08 -4.543496880211888e-08 2.3901755000967526e-08 4.546522797120592e-09 -0.9949585837197701 -1.3984897591412538e-08
217 2170 6.972168874416633e-07 0 5.969749304743857 0.9949587011029443 -1.9899122393814315 1.909313656545288e-08 -2.288869884916265e-08 5.110566710335556e-08 7.245214968735845e-08 -0.9949586345327328 -5.695333120427602e-08
218 2180 6.75888904198661e-07 0 5.96974930474309 0.9949587253324712 -1.9899122380446763 -4.5324186182419116e-09 -6.015176758432305e-08 -1.4867968584624523e-09 1.660947042153941e-08 -0.9949586227744905 1.976301374124258e-08
219 2190 6.572440516134986e-07 0 5.969749304742166 0.9949586103979148 -1.9899122521873596 -4.4603786536217964e-08 -2.071616710678534e-08 5.0566172634863456e-08 3.108218734456336e-08 -0.9949586145519349 2.439922786381137e-09
220 2200 6.746832454021188e-07 0 5.969749304742265 0.9949586834505554 -1.9899122218592364 -3.002719014443305e-08 -1.793818083847288e-08 2.8047060190589483e-08 1.6913136297540818e-08 -0.9949586695349111 -4.960796361004319e-08
221 2210 6.188197203789009e-07 0 5.969749304741782 0.9949586536585932 -1.989912244296796 -4.994183856676248e-08 1.626466104301694e-08 4.434120608078685e-08 1.299126415126835e-08 -0.9949586196150683 3.533791877936372e-09
222 2220 5.720334394441308e-07 0 5.969749304741981 0.9949586679652228 -1.9899122537514453 -2.3657613151108783e-08 1.8890046128227283e-09 6.173351486929371e-08 1.7798749193268516e-09 -0.994958610837879 -1.4758865084534168e-08
223 2230 5.184394916489836e-07 0 5.969749304741654 0.9949586451777452 -1.989912230909118 -2.8854721502762795e-08 6.2697061057212425e-09 8.512777287868433e-09 2.9431797967864123e-08 -0.9949586501720151 -5.451947686614637e-08
224 2240 4.923868038426083e-07 0 5.969749304741498 0.9949586133497421 -1.9899122462322771 -2.598510832064369e-08 1.8805893736625507e-08 1.874261483328005e-08 -3.760316182035888e-08 -0.9949586559645013 1.7436912092037218e-08
225 2250 4.6112230066377194e-07 0 5.9697493047411 0.994958645548336 -1.989912254188867 3.570523355352217e-08 -8.529537657030319e-09 -1.6287854579520474e-09 -1.558255724810512e-08 -0.994958632351201 -2.1901513257533175e-09
226 2260 3.945812664561263e-07 0 5.96974930474147 0.9949586401664717 -1.989912228966591 2.1006251910839916e-08 -4.748677212010333e-08 2.9751353305948962e-08 3.914706326424521e-09 -0.9949586590335192 -4.473490766845842e-09
227 2270 3.6415650101187187e-07 0 5.969749304740986 0.9949586206621424 -1.9899122214258524 -2.0516570671584835e-09 -2.338974693385268e-08 -1.3558480041860718e-09 1.7940090888189765e-08 -0.9949586248293087 1.023059365410917e-08
228 2280 3.3221276401635234e-07 0 5.969749304741043 0.9949586303369338 -1.9899122651042331 -6.055663839705331e-09 -1.3112205791722594e-08 1.6629975245779245e-08 5.6812041860332e-09 -0.9949586376320143 -1.8299413476218023e-08
229 2290 3.2546651190701083e-07 0 5.969749304741029 0.9949586234365224 -1.9899122222287684 -2.856404297200723e-08 -1.828556328048985e-08 -1.589787068919221e-08 -4.088771225207208e-09 -0.9949586317814623 2.636896960207756e-09
230 2300 2.991104130626943e-07 0 5.969749304741086 0.9949586026218599 -1.9899122106648957 -9.128251112483798e-09 4.088861704721208e-09 1.2782322684564421e-09 -1.18708818997547e-08 -0.994958631405977 9.11143240896439e-09
231 2310 2.846074519023905e-07 0 5.969749304741143 0.9949586195918103 -1.989912231938849 -2.1494031401812783e-08 4.859262791524418e-09 1.3675852342743214e-08 -2.7033291500982495e-08 -0.9949586205264612 2.0419510147643523e-08
232 2320 2.4702755626514517e-07 0 5.969749304741043 0.9949586088337129 -1.9899122431097704 3.2075575502775506e-10 -1.0396239916639333e-08 9.902793224030563e-09 -1.8010983195244515e-08 -0.9949586162332814 3.862045899463257e-09
233 2330 2.4728339051031267e-07 0 5.969749304740944 0.9949586284190242 -1.9899122311375892 2.047339016618575e-08 1.0624880358229866e-08 1.4038759256561343e-08 -2.164451653641256e-08 -0.9949586294384388 -2.2916570655345402e-10
234 2340 2.5910928169683525e-07 0 5.969749304741029 0.9949586175879203 -1.9899122411016485 3.3114949401344787e-09 2.023169099129879e-08 -5.783820537065569e-09 -3.966091059838735e-09 -0.9949586168086502 -2.066584169097632e-08
235 2350 2.3729230221035914e-07 0 5.96974930474093 0.9949586147033244 -1.9899122548321568 6.4702326421853385e-09 4.003522594858105e-09 -1.9368708280814232e-10 -1.9410008242128306e-09 -0.9949586202742458 -2.9920771124881436e-09
236 2360 2.155739856774822e-07 0 5.969749304740873 0.9949586163039786 -1.9899122295104454 2.2794693840703273e-08 6.433114456466014e-09 -3.3046038018979576e-09 1.5381898714891915e-09 -0.9949586377724959 6.77007098738195e-09
237 2370 2.2367535866177093e-07 0 5.969749304740773 0.9949586291099591 -1.9899122305454604 7.926473827736314e-09 7.188482604149948e-09 6.234982876487986e-09 -2.181698061130706e-09 -0.9949586398073724 1.6766786663032786e-08
238 2380 1.912773837992773e-07 0 5.969749304740759 0.9949586201539705 -1.9899122340974935 7.91909237424524e-09 -6.207184987006174e-09 2.2451164824105448e-09 3.374578088051324e-10 -0.9949586297772334 -3.0980044431983383e-09
239 2390 1.7526443276397716e-07 0 5.969749304740745 0.9949586378223482 -1.9899122436207675 1.0001514776856079e-08 6.1211320609278555e-09 -3.7231869132588562e-09 2.8216428381934413e-09 -0.9949586305635366 -8.093217530529367e-09
240 2400 1.5364453629178756e-07 0 5.969749304740731 0.9949586381826826 -1.9899122369715407 7.628061457922087e-09 1.0853786302536325e-09 -4.202994819504977e-09 1.1358214145767952e-08 -0.9949586296264388 3.595458332267098e-09
241 2410 1.3278493522826284e-07 0 5.969749304740702 0.9949586327568473 -1.9899122404376437 4.9233238465592135e-09 -2.4330187100927296e-09 -8.298288648442475e-09 -6.70902476609897e-09 -0.9949586362762283 6.052302226847079e-11
242 2420 1.257458201660601e-07 0 5.969749304740731 0.9949586331236803 -1.9899122446533317 -1.999957377523761e-09 -4.594727105562868e-09 -2.0912227080481586e-09 -7.168559122479717e-09 -0.9949586335131014 3.415540937834618e-09
243 2430 1.1610175401853725e-07 0 5.969749304740731 0.99495862991654 -1.9899122410507213 7.929647360271609e-10 -6.058831672715119e-09 5.186586561833931e-11 -8.49411553182545e-09 -0.9949586294319372 9.901484803944359e-10
244 2440 1.066529580486521e-07 0 5.969749304740731 0.9949586364389826 -1.9899122397635338 7.07204382467484e-09 6.138835930271782e-09 -3.968840389935105e-09 -6.254451687035529e-09 -0.9949586266969174 -1.4153383036622694e-09
